0001011110111010111110000000111011101000101110000101000111101101011100000000100001111011101100001000000011101010100010110111100000011110110101111000100010001010
0001011110111011000110000000111001111000101101101100000111101101011100000000100001111011101100111000000011100011100010110101111100011110110101110000000010001010
0001011110111011010010000000111000001000101101010011000111101101011100000000100001111011101101001000000011100000100010110101001100011110110101110000000010001010
0001011110111100100010000000101000001000101001110111000111101101011000000000100001111011110010011000000010011101100010100110110000011110110101100000000010001010
0001011110111100101010000000100110101000101001100001000111101101011000000000100001111011110010111000000010010110100010100101011000011110110101100000000010001010
0001011110111100101110000000100100111000101001001100000111101101011000000000100001111011110011001000000010010000100010100100000100011110110101100000000010001010
0001011110111100110110000000100011011000101000110111000111101101011000000000100001111011110011101000000010001010100010100010110100011110110101101000100010001010
0001011110111100111110000000100001111000101000100011000111101101011000000000100001111011110100001000000010000101100010100001100100011110110101101000100010001010
0001011110111101000110000000100000101000101000001111000111101101011000000000000001111011110100101000000001111111100010100000010000011110110101100000000010001010
0001011110111101001010000000011111001000100111111010000111101101011010001000100001111011110100101000000001111100100010011111101000011110110101101000100010001010
0001011110111110101110000000000111111000100011000101000111101101001000000000100001111011111011001000000000011100100010001011110100011110110100100000100010001010
0001011110111110110010000000000110101000100010110110000111101101000100000000100001111011111011011000000000011000100010001010111100011110110100010000000010001010
0001011110111110110110000000000101101000100010100111000111101101000110001000100001111011111011101000000000010100100010001010000000011110110100010000000010001010
0001011110111110111010000000000101001000100010100000000111101101000100000000100001111011111101110000000000010000100010000010000000011110110100000000000010001010
0001011110111111011100000000000100101000100000011010000111101101000000000000100001111011111110000000000000010100100010000001010000011110110011110000000010001010
0001011110111111100000000000000101101000100000001101000111101100111110000000100001111011111110000000000000010111100010000000011100011110110011110000000010001010
0001011110111111100100000000000110011000100000000001000111101100111110001000100001111011111110010000000000011011100001111111101100011110110011110000000010001010
0001011110111111101000000000000111011000011111110101000111101100111100000000100001111011111110100000000000011111100001111110111100011110110011110000000000001010
0001011110111111101000000000001000011000011111101001000111101100111110001000000001111011111110110000000000100010100001111110001000011110110011110000000010001010
0001011110111111101100000000001001001000011111011100000111101100111100000000100001111011111111000000000000100110100001111101011000011110110011110000000010001010
0001011110111111110000000000001001101000011111010110000111101100111100000000100001111100000001110000000001011100100001110010010000011110110011001000100010001010
0001011111000000011100000000010111011000011100011111000111101100110000000000100001111100000010000000000001011110100001110001101100011110110011000000000010001010
0001011111000000100000000000010111111000011100010110000111101100110000000000100001111100000010000000000001100001100001110001001000011110110011001000100010001010
0001011111000000100000000000011000101000011100001110000111101100110010001000100001111100000010010000000001100011100001110000101000011110110011000000000010001010
0001011111000000100100000000011000111000011100001010000111101100110000000000100001111100000011010000000011110011100001101101100100011110110000110000000010001010
0001011111000000110100000000111100111000011011010101000111101100001110000000100001111100000011010000000011110100100001101101000100011110110000111000100010001010
0001011111000000110100000000111101001000011011001101000111101100001110001000000001111100000011010000000011110100100001101100100100011110110000110000000000001010
0001011111000000111000000000111101001000011011000101000111101100001100000000100001111100000011100000000011110100100001101100001000011110110000110000100010001010
0001011111000000111000000000111101001000011010111110000111101100001100000000100001111100000011100000000011110101100001101011101000011110110000110000000010001010
0001011111000000111100000000111101011000011010110110000111101100001110001000100001111100000011110000000011110101100001101011001100011110110000110000000010001010
0001011111000000111100000000111101011000011010101111000111101100001100000000100001111100000011110000000011110101100001101010101100011110110000110000000010001010
0001011111000000111100000000111101011000011010101011000111101100001100000000100001111100000101010000000011111011100001100011101100011110110000010000000010001010
0001011111000001011000000000111111011000011000111001000111101100000100001000100001111100000101100000000100000001100001100011011000011110110000000000100010001010
0001011111000001100100000001000100011000011000110011000111101011010100000000100001111100000111110000000100110011100001100010100000011110100111000000000010001010
0001011111000010010000000001011111111000011000001111000111101000011100000000100001111100001001000000000101111111100001100000111100011110100001110000000010001010
0001011110011101001100010111001100011000000000111111000111111010101100000000000001111001100010110001100010010101000000000010011100011111101100110000000000001010
0001011110010100001000011001111110000000000010001010000111111011000000001000100001111000111110000001101101010110000000001110011100011111101000110000100010001010
0001011110001010110100011100101011000000000101000000000111111000111000001000100001111000010111110001110111111111000000011001100100011111011110000000100010001010
0001011110000000110100011111010100100000000111110010000111110110010100001000100001110111101100010010000010110010000000100100111000011111010101010000100010001010
0001011101110100101000100010001010010000001010110010000111110100011000001000100001110110110101100010001110111000000000110001101000011111001110010000100010001010
0001011101100101010000100101010110100000001110001010000111110011001000000000000001110101110001110010011100000010000001000000000000011111001100010000000000001010
0001011101010010111100101000101100100000010001111001000111110011010100000000000001110101001011110010100010110010000001000111100100011111001101010000000000001010
0001010110011101100101010100111001010001001000111100000110111011111100001000100001011001011000010101010101110100000100100100011000011011100001110000100010001010
0001010110001110111101010101111110010001001001010000000110110101001100001000100001011000011110100101011001111111000100100101111000011011001000000000100010001010
0001010101111111101101010111000011010001001001101110000110101110101000001000000001010111011100110101011110100010000100101000000000011010101100100000100000001010
0001010101110010010001010111111111000001001010001010000110101000011100001000100001010111001000010101100000001010000100100111111100011010011011010000100010001010
0001010101110001110101011000000110010001001001101110000110100101001100001000100001010111000110000101100000101001000100100101101000011010001101110000100010001010
0001010101110001010001011000001110010001001001001001000110100001110100001000100001010111000100000101100001000011000100100100000000011010000011011000100000001010
0001010101110000110001011000010010010001001001000001000110100000100010001000000001010111000011000101100001001001000100100100000100011010000010001000100000001010
0001010101100111101101011001000111100001001000010000000110010011001100000000100001010110011101110101100100100010000100100001001000011001001100010000000010001010
0001010101100111001101011001001001110001001000010100000110010010111010001000100001010110011011100101100100101011000100100001011000011001001011000000000010001010
0001010101100110101001011001001011110001001000011000000110010010101000000000100001010110011001110101100100110011000100100001101000011001001010001000000010001010
0001010101100110011101011001001100110001001000011010000110010010100010000000100001010110000111000101100101111110000100100011111100011001000000010000000010001010
0001010101100001100101011001100000100001001001000001000110001111111100000000100001010110000101010101100110000101000100100100001000011000111111011000100010001010
0001010101100001001001011001100010010001001001000100000110001111101100000000100001010110000011110101100110001100000100100100011000011000111110011000100010001010
0001010101100000101101011001100011110001001001001000000110001111011100001000100001010110000010000101100110010010000100100100100100011000111101100000000000001010
0001010101100000010101011001100101100001001001001011000110001111010000000000100001010110000000100101100110011001000100100100110000011000111100101000100010001010
0001010101011111111101011001100111000001001001001110000110001111000000000000100001010101111111000101100110011111000100100101000000011000111011111000100010001010
0001010101011111100101011001101000100001001001010010000110001110110100000000000001010101111101010101100110100110000100100101001100011000111010110000000010001010
0001010101011111010101011001101001100001001001010011000110001110101100000000100001010101100011100101101000001100000100101000100000011000101101110000000010001010
0001010101011000101101011010000011110001001010001001000110001011010100000000100001010101100010010101101000010001000100101000101000011000101101000000000010001010
0001010101011000011001011010000101000001001010001011000110001011001100000000100001010101100000110101101000010110000100101000110000011000101100101000100010001010
0001010101011000000101011010000110010001001010001110000110001011000100000000100001010101100000010101101000011001000100101000111000011000101100010000000010001010
0001010101010101011001011010010000100001001010100101000110001001101000000000100001010101010101000101101001000101000100101010011000011000100110010000000010001010
0001010101010101001001011010010001110001001010100111000110001001100010001000100001010101010100000101101001001001000100101010100000011000100101110000000010001010
0001010101010100111001011010010010110001001010101001000110001001011000000000100001010101010011000101101001001101000100101010101000011000100101010000000010001010
0001010101010100100101011010010011110001001010101100000110001001010000000000100001010101010001110101101001010001000100101010110000011000100100111000000010001010
0001010101010100010101011010010100110001001010101101000110001001001010001000100001010101010000110101101001010101000100101010111000011000100100010000000010001010
0001010101010100000101011010010101110001001010101111000110001001000010001000100001010101010000000101101001011001000100101011000000011000100011100000000010001010
0001010101010011110101011010010110110001001010110001000110001000110100000000100001010101001111010101101001011011000100101011000100011000100011010000000010001010
0001010101001110110001011010101101000001001011010001000110000100011000000000100001010100111010010101101010110111000100101101010100011000010001010000000010001010
0001010101001110001101011010101110110001001011011011000110000100010100000000100001010100110101100101101011000010000100101110100000011000010011000000000010001010
0001010101001011011101011010110101100001001100000010000110000101110000000000100001010100100001000101101011111001000100110010010100011000011011000000000010001010
0001010101001000010001011010111110010001001100100101000110000110110000000000100001000101110110100110011000110100000101111011100100010110010000000000100000001010
0001010001010000000001100110110001110001011111101000000101100000110100000000100001000100000100110110011101100101000110000001101000010101110110000000000000001010
0001010000110000111101101000000011110001100001001111000101011001101000001000000001000001111100110110100011000110000110001000000100010101010101100000100000001010
0001010000001100001101101001100001110001100010110100000101010000010100001000000000111111100010100110101001001001000110001110010000010100101100100000100000001010
0001001111100101000101101011000001110001100100010011000101000110000000001000000000111101001001010110101110110111000110010100000100010100000100100000100000001010
0001001111000000110001101100010110000001100101101101000100111100101100001000000000111011000010110110110011100101000110011001101000010011100011000000000000001010
0001001110100001000101101101011010110001100111000111000100110101010000000000000000111001000010100110110111110011000110011111101100010011000110000000000010001010
0001001110010000101001101101111100110001100111111011000100110001100000000000100000001011001000110111101101010001000111110110100000001000000101000000000000001010
0001000010100011100001111011011010010001111101101001000001111101010000001000000000001001010011010111101110000000000111110110011000000111100101000000100000001010
0001000010000110001001111011100101110001111101011111000001110101001000001000000000000111011111110111101110101011000111110101011100000111000100110000100000001010
0001000001101010011101111011101111010001111101001111000001101101101000001000000000000110101001110111101110111101000111110100111100000110110110100000100000001010
0001100000111101001001111100000111110001111010110101000001000100111010001000000010000011110011110111110000011111000111101011010100000100010011100000000010001010
0001100000111100110001111100000111110001111010110101000001000101000000000000100010000011110010010111110000011111000111101011011000000100010100010000000010001010
0001100000111100010101111100000111110001111010110110000001000101000100000000100010000011110000010111110000011111000111101011011000000100010100100000000010001010
0001100000111011111001111100000111110001111010110110000001000101001000000000100010000011101110100111110000011111000111101011011100000100010100100000000010001010
0001100000111011011001111100000111110001111010110111000001000101000110001000100010000011101100100111110000100000000111101011011100000100010100011000100000001010
0001100000111010111101111100001000000001111010111000000001000101000100000000100010000011101010110111110000100000000111101011100000000100010100010000000000001010
0001100000111010011101111100001000000001111010111001000001000101000100000000000010000011101001110111110000100000000111101011100100000100010100010000000000001010
0001100000110011100101111100001000010001111010111111000001000101011100000000100010000011001101110111110000100001000111101011111100000100010101110000000010001010
0001100000110011010001111100001000010001111010111111000001000101011110001000100010000011001100010111110000100001000111101100000000000100010101111000100010001010
0001100000110010111101111100001000010001111011000000000001000101011100000000100010000011001011000111110000100001000111101100000000000100010101111000100010001010
0001100000110010101001111100001000010001111011000000000001000101011100000000100010000011001001110111110000100001000111101100000000000100010101111000100010001010
0001100000110010010001111100001000010001111011000001000001000101100000000000100010000011001000100111110000100001000111101100000100000100010110000000000010001010
0001100000110001111101111100001000010001111011000001000001000101100000000000100010000011000111010111110000100001000111101100000100000100010110000000000000001010
0001100000110001101101111100001000010001111011000001000001000101100000000000100010000011000110110111110000100001000111101100000100000100010110000000000010001010
0001100000101101000001111100001000010001111011000111000001000101110000000000000010000010110011110111110000100001000111101100011100000100010111000000000010001010
0001100000101100110001111100001000010001111011000111000001000101110000000000000010000010110010110111110000100001000111101100100000000100010111001000100010001010
0001100000101100100101111100001000010001111011001000000001000101110000000000100010000010110001110111110000100001000111101100100000000100010111001000100000001010
0001100000101100011101111100001000010001111011001000000001000101110010001000000010000010101010010111110000100001000111101100101000000100010111010000000000001010
0001100000101010100001111100001000010001111011001010000001000101110110001000100010000010101001100111110000100001000111101100101000000100010111010000000010001010
0001100000101010010101111100001000010001111011001011000001000101110100001000100010000010101010000111110000100100000111101011111000000100011011101000100000001010
0001100000101010111001111100001100000001111010001010000001000111011100000000000010000010101100110111110001000101000111100011001000000100011110000000000000001010
0001100000101011010101111100011000000001110111000101000001000110111110001000000010000010101101110111110001111000000111010101111100000100011001011000100000001010
0001100000101011010101111100100011000001110100001101000001000101101100000000000010000010101100000111110010011000000111001101111000000100010101010000000000001010
0001100000101010101001111100100110010001110011010111000001000101001000000000000010000010101010000111110010011001000111001101011100000100010100100000000010001010
0001100000101010100001111100100110010001110011010111000001000101001000000000100010000010011011110111110001010101000111011111111000000100010111010000100010001010
0001100000100110110101111100010101010001110111111110000001000101110000000000100010000010011011000111110001010100000111011111111000000100010111010000000010001010
0001100000100110110001111100010101000001110111111110000001000101110000000000100010000010011010110111110001010100000111011111111100000100010111010000000010001010
0001100000100110100101111100010100110001111000000111000001000101101100000000100010000010011001110111110001001001000111100010110100000100010101110000000010001010
0001100000100110011101111100010010010001111000101101000001000101011100000000100010001000101011110111101110001100001000000010111000000010110001000000000000001010
0001100010010110011101111011100000010010000000101001000000101001010100000000000010001010001001010111101101110101001000000001111100000010011001100000000000001010
0001100010101110110101111011011010000010000000010110000000100011001100000000000010001011110001000111101101010110001000000001000100000001111111010000000000001010
0001100011001010110001111011010000000010000000010000000000011100001100000000000010001101101000100111101100101000001000000000101000000001100001110000000000001010
0001100011101010010101111011000011000010000000000101000000010100011000000000000010001111101011100111101011101110000111111111111000000001000000110000000000001010
0001100100001011100001111010110011010001111111111001000000001100000000000000000010010001110000000111101010101010000111111111010000000000100000000000000000001010
0001100100101100010001111010100001010001111111101101000000000011110100000000000010010010110001000111101010000101000111111110110100000000001111010000000000001010
0001101110011111101001101101010000100001111100100110100010101010101100000000000010111011001100010110110010100001000111101111001110001010111110000000000000001010
0001101111000101101101101100000001000001111011000010100010110011110000000000000010111101011110010110101101101001000111101001000010001011011111100000000000001010
0001101111101000111101101010110011110001111001100000100010111100000000000000000010111111100111010110101000110101000111100011001010001100000000000000000000001010
0001110000001010101001101001100110000001111000000010100011000100000000000000000011000001101110100110100011110110000111011101000010001100100000110000000000001010
0001110000101100010101101000010100110001110110011110100011001100001100000000000011000011101111010110011110111001000111010110111110001100111111100000000000001010
0001110001001010011101100111001000110001110101000100100011010011101100000000000011000101100001110110011010010000000111010001111110001101011101010000000000001010
0001110001100110000001100101111111100001110011111011100011011011000000000000000011000110011000000110010111111110000111001111101110001101101100000000000000001010
0001110101111001011001011000010010000001100011010100100100010101011000001000000011010111100101000101100001001011000110001101010110010001010101100000100000001010
0001110101111001000101011000010011010001100011010110100100010101011000001000000011010111100011100101100001001111000110001101100010010001010101101000100010001010
0001110101111000101101011000010100100001100011011001100100010101010100000000100011010111100010010101100001010100000110001101101010010001010101001000100010001010
0001110101111000011001011000010101100001100011011011100100010101001100000000100011010111100001100101100001010110000110001101101110010001010100110000000010001010
0001110101110101100001011000100000110001100011101101100100010100001010001000100011010111010101100101100010000101000110001110110110010001010000010000000010001010
0001110101110101010001011000100001100001100011101110100100010100000010001000100011010111010100100101100010001000000110001110111110010001001111110000000000001010
0001110101110101000001011000100010100001100011110000100100010011111000000000000011010111010011110101100010001100000110001111000010010001001111010000000010001010
0001110101110100110101011000100011100001100011110001100100010011110100000000100011010111010010110101100010010000000110001111001010010001001111000000000010001010
0001110101110100100101011000100100010001100011110011100100010011101110001000100011010111010001110101100010010011000110001111001110010001001110111000100000001010
0001110101110100010101011000100101010001100011110100100100010011101000000000100011010111010000110101100010010111000110001111010010010001001110010000000010001010
0001110101110100000101011000100110010001100011110101100100010011100100000000100011010111010000010101100010011001000110001111010110010001001110010000000010001010
0001110101110000100001011000110011110001100100001010100100010010000100000000100011010111000001110101100011010001000110010000101110010001001000000000000010001010
0001110101110000010101011000110100100001100100001011100100010001111110001000100011010111000001000101100011010011000110010000110010010001000111110000000010001010
0001110101110000001101011000110101010001100100001100100100010001111010001000100011010111000000010101100011010110000110010000110110010001000111100000000000001010
0001110101110000000001011000110101110001100100001101100100010001110100000000100011010110111111110101100011011001000110010000110110010001000111010000000010001010
0001110101101111110101011000110110100001100100001110100100010001110000000000100011010110111111000101100011011011000110010000111010010001000111000000000010001010
0001110101101111101101011000110111000001100100001111100100010001101100000000100011010110111110100101100011011101000110010000111110010001000110110000000000001010
0001110101101111100001011000110111110001100100010000100100010001101000000000100011010110111110000101100011011111000110010001000010010001000110100000000010001010
0001110101101101000101011001000001000001100100100000100100010000011110001000100011010110110100000101100100000101000110010010000010010001000001100000000010001010
0001110101101100111101011001000001100001100100100000100100010000011000000000000011010110110011100101100100000111000110010010000110010001000001010000000000001010
0001110101101100110101011001000010000001100100100010100100010000010100000000100011010110110011000101100100001001000110010010001010010001000001000000000000001010
0001110101101100101101011001000010100001100100100010100100010000010000000000000011010110110010100101100100001011000110010010001010010001000000110000000010001010
0001110101101100100101011001000011000001100100100011100100010000001110001000100011010110110010000101100100001101000110010010001110010001000000110000000010001010
0001110101101100011101011001000011100001100100100011100100010000001000000000100011010110110001110101100100001110000110010010010010010001000000100000000010001010
0001110101101100011001011001000011110001100100100100100100010000000100000000100011010110110001100101100100001111000110010010010010010001000000010000000010001010
0001110110010101101001010110010010010001100011101010100100100011101100001000000011011010010000100101010101001100000110001100101010010010100101100000100000001010
0001110110110010110001010100010001100001100010101010100100101111010000001000000011011100000100100101001101000000000110001000100010010011010011110000100000001010
0001110111001111000101010010001111010001100001100010100100111010011100001000000011011101110001110101000101000000000110000011101110010011111110100000100000001010
0001110111101001011101010000010001010001100000010100100101000100110000001000000011011110100101110101000001000101000110000001010010010100010011000000100000001010
0001111011100100010000111000011100010001001011110110100110100000101100000000100011101110101101000011011110100010000100101011110010011010000110010000000010001010
0001111011110010011000110110110011100001001001111100100110100010001100000000100011101111100111110011010111101000000100100011011010011010001011110000000010001010
0001111100000001111100110100111010100001000111101011100110100100001100000000100011110000101001110011001111010110000100011001101010011010010111100000000010001010
0001111100010011101100110010100110100001000101000010100110101000001100000000100011110001110110010011000100111011000100001110000110011010101100010000000010001010
0001111100100111101000101111110001100001000010000000100110101110001100000000100011110011000101000010111001001111000100000010010010011011000101100000000010001010
0001111100111010001000101100111010100000111111010000100110110100010100000000000011110100001001100010101110011001000011111000000110011011011010000000000010001010
0001111101001010000000101010010110010000111100110110100110110111111000000000100011110100101000000010101001011001000011110011011010011011011111100000000010001010
0001111111000011110100000010010000100000010101000011100111100011110000000000100011111100010010000000001000011010000001010011001110011110000101000000000010001010
0001111111000100110100000010000111000000010100110111100111100000001000000000100011111100010011100000001000011100000001010011011110011101111111100000000010001010
0001111111000100111100000010000101010000010100110110100111011111101000000000100011111100010100100000001000001010000001010011010010011101111011010000000010001010
0001111111000101001000000010000010100000010100110100100111011110110100000000100011111100010111110000000110100000000001010010110010011101101111100000100010001010
0001111111000101111100000001100110110000010100101100100111011011111010000000100011111100011000000000000110011000000001010010100110011101101111011000000010001010
0001111111000110000000000001100100110000010100101001100111011011110100001000100011111100011000000000000110001110000001010010011110011101101111011000000010001010
0001111111000110000000000001100010010000010100100110100111011011110100001000100011111100011000000000000110000101000001010010010110011101101111000000000010001010
0001111111000110000000000001100000000000010100100101100111011011110000000000100011111100011000010000000101111011000001010010010010011101101111000000000010001010
0001111111000110000100000001011101100000010100100011100111011011110000000000000011111100011000010000000101110010000001010010001010011101101111000000000010001010
0001111111000110000100000001011011010000010100100001100111011011101100000000100011111100011000010000000101101000000001010010000010011101101110110000000000001010
0001111111000110000100000001011010000000010100100000100111011011101100000000000011111100011001010000000011011000000001010000100010011101101101000000100010001010
0001111111000110010100000000110101000000010100000111100111011011010000000000100011111100011001010000000011010001000001010000011110011101101101001000100010001010
0001111111000110010100000000110011100000010100000110100111011011010000000000100011111100011001010000000011001010000001010000011010011101101100110000000010001010
0001111111000110010100000000110001110000010100000101100111011011001100000000000011111100011001010000000011000111000001010000010110011101101100110000000000001010
0001111111000110011100000000100010110000010011111010100111011011000000000000000011111100011001110000000010001000000001001111101010011101101100001000100010001010
0001111111000110011100000000100001010000010011111001100111011011000000000000100011111100011001110000000010000010000001001111100110011101101100001000100010001010
0001111111000110011100000000100000000000010011111001100111011011000000000000000011111100011001110000000001111100000001001111100010011101101100000000000000001010
0001111111000110011100000000011110010000010011111000100111011011000000000000100011111100011001110000000001110111000001001111011110011101101011110000000010001010
0001111111000110011100000000011101000000010011110110100111011010111100000000000011111100011001110000000001110001000001001111011010011101101011110000000000001010
0001111111000110011100000000011011100000010011110101100111011010111100000000100011111100011010000000000001101100000001001111010110011101101011110000000010001010
0001111111000110100000000000011010010000010011110101100111011010111100000000100011111100011010000000000001101001000001001111010110011101101011110000000010001010
0001111111000110101000000000000110000000010011101001100111011010101000000000100011111100011010100000000000010110000001001110100110011101101010010000000010001010
0001111111000110101000000000000101000000010011101001100111011010100100000000100011111100011010100000000000010010000001001110100010011101101010010000000010001010
0001111111000110101000000000000100000000010011101000100111011010100100000000000011111100011010100000000000001110000001001110100010011101101010011000100010001010
0001111111000110101000000000000011000000010011100111100111011010100110001000100011111100011010100000000000001010000001001110011110011101101010010000000000001010
0001111111000110101000000000000010000000010011100111100111011010100100000000100011111100011010100000000000000110000001001110011010011101101010010000000010001010
0001111111000110101000000000000001000000010011100110100111011010100100000000100011111100011010100000000000000010000001001110011010011101101010011000100010001010
0001111111000110101000000000000000000000010011100110100111011010100000000000100011111100011010100000000000000000000001001110011010011101101010000000000010001010
0001111111000110110010000000001111000000010011011100100111011010001110000000100011111100011011001000000000111100000001001101101010011101101000101000000010001010
0001111111000110111110000000010000010000010011011011100111011001010000001000100011111100100001111000000001001000000001001101101010011101001100011000100010001010
0001111111001010100010000000010011010000010011010101100111001010000110000000100011111100110001111000000001010010000001001101010110011100000110111000000010001010
0001111111001110010010000000010110000000010011010011100110111001100110001000100011111101000001001000000001011110000001001101000010011011000001111000000010001010
0001111111010010100110000000011001010000010011001011100110100101100110000000100011111101010101011000000001101100000001001100010110011001100001101000000010001010
0001111111011000010010000000011101010000010011000011100110001001101110000000100011111101101101101000000010000000000001001100000110010111100110001000000010001010
0001111111100010110010000000100100110000010010111100100101001111110010000000100011111110001011001000000010010011000001001011110010010100111111001000000010001010
0001111101000001001110000010001011000000001110111000001101011100001110000000100011110011011000011000001000101010000000111010111100110111001111101000100010001010
0001111100101010100010000010001010000000001110101001001110001011110010001000100011110001111011011000001000100100000000111010001100111010001100001000100010001010
0001111100010011011110000010000110110000001110011011001110111000111110001000100011110000100001011000001000011000000000111001010000111100110111101000100010001010
0001111100001000010110000010000110000000001110010100001111001101111010001000100011101110101100101000000110011101000000111001011001000000001000100000000000001010
0001111011101011001110000001100100010000001110011001010000000010000100000000100011101110101100111000000110000110000000111001101001000000001000101000100010001010
0001111011101011000010000001011110010000001110011100010000000010011000000000100011101110101010101000000101110000000000111001110001000000001100010000000010001010
0001111011101001101110000001011010100000001110011000010000000100110000000000100011101110100000111000000101100010000000111001011101000000011101100000000010001010
0001111011100110001110000001010110000000001110011000010000001010101100000000100011101110010000101000000101001111000000111001101001000000111001000000000010001010
0001111011100010000110000001010001110000001110011011010000010001110100000000100011101110000010011000000101000100000000111001110001000001010001011000100010001010
0001111011011111100010000001010000100000001110011011010000010110001010000000100011101101111001101000000100111100000000111001101101000001011111111000100010001010
0001111011011110011010000001001111000000001110011011010000010111111110001000100011101101010100011000000001010001000000111100000101000010011101110000000000001010
0001111011010101111110000000010001100000001110111111010000100110000000001000000011101101011000011000000000110111000000111100001101000010010111010000000000001010
0001111011010110000110000000001100010000001111000011010000100101110100000000100011101101011000011000000000101011000000111100001101000010010111010000000010001010
0001111011010110000110000000001001010000001111000100010000100101110100000000100011101101011000011000000000100101000000111100010001000010010111010000000010001010
0001111011010011111100000000001111110000001111010100010000101001010110001000000011101101001111110000000001000100000000111101010101000010100101011000100010001010
0001111011010011111100000000010010100000001111010101010000101001010110000000100011101101001111110000000001001111000000111101010101000010100101010000000010001010
0001111011010011111100000000010101010000001111010110010000101001010100001000100011101101001111110000000001011010000000111101011101000010100101010000000010001010
0001111011010011111100000000010111110000001111011000010000101001010000000000000011101101001111110000000001100100000000111101100001000010100101001000100010001010
0001111011010011111100000000011010000000001111011001010000101001010000000000000011101101001111110000000001101101000000111101101001000010100101000000000010001010
0001111011010011111100000000011100010000001111011011010000101001010000000000100011101101001111110000000001110110000000111101101101000010100101000000000010001010
0001111011010011111100000000011110110000001111011100010000101001010000000000100011101101001111110000000001111011000000111101110001000010100101000000000010001010
0001111011010011111100000001000011110000001111110000010000101001000100000000100011101101001111110000000100010010000000111111000001000010100100010000000010001010
0001111011010011111100000001000101100000001111110001010000101001000110001000100011101101001111110000000100011001000000111111001001000010100100000000000000001010
0001111011010011111100000001000111000000001111110010010000101001000000000000100011101101001111110000000100100000000000111111001001000010100100000000000010001010
0001111011010011111100000001001000000000001111110010010000101001000000000000100011101101001111110000000101011100000000111111101101000010100011110000000010001010
0001111011010011111100000001010111110000001111111100010000101000111110001000100011101101001111110000000101100011000000111111110001000010100011110000000010001010
0001111011010011111100000001011001010000001111111100010000101000111100000000100011101101001111100000000101101001000000111111110101000010100011110000000010001010
0001111011010011111000000001011010110000001111111101010000101000111100000000100011101101001111100000000101101110000000111111110101000010100011110000000000001010
0001111011010011111000000001011100010000001111111101010000101000111100000000100011101101001111100000000101110100000000111111111001000010100011111000100010001010
0001111011010011111000000001011101100000001111111110010000101000111100000000000011101101001111100000000101111001000000111111111101000010100011110000000010001010
0001111011010011111000000001011110110000001111111111010000101000111100000000000011101101001111100000000101111110000000111111111101000010100011110000000000001010
0001111011010011111000000001011111100000001111111111010000101000111100000000000011101101001111010000000111010011000001000000110101000010100011100000000010001010
0001111011010011110100000001110101010000010000001101010000101000111000000000100011101101001111010000000111010111000001000000110101000010100011100000000000001010
0001111011010011110100000001110110010000010000001101010000101000111000000000100011101101001111010000000111011011000001000000111001000010100011100000000010001010
0001111011010011110100000001110111010000010000001110010000101000111000000000100011101101001111010000000111011111000001000000110101000010100011100000000010001010
0001111011010011110100000001111000010000010000001110010000101000111000000000100011101101001111010000000111100011000001000000111001000010100011100000000010001010
0001111011010011110100000001111001010000010000001111010000101000111010001000100011101101001111010000000111100111000001000000111101000010100011100000000010001010
0001111011010011110100000001111010010000010000001111010000101000111010001000100011101101001111010000000111101011000001000000111101000010100011100000000010001010
0001111011010011110100000001111010110000010000001111010000101000111000000000100011101011101110110000001000011101000001000000100001000100111101101000000010001010
0001111010110010100100000010000111100000010000010000010001011101100000001000100011101010011100010000001000011010000001000001100001000110111011111000100010001010
0001111010011001110000000010000100010000010000100000010010000010101010001000100011101000101110010000001000000100000001000010011001001001011100101000100010001010
0001111001111100110000000001111110000000010000101010010010101011111110000000100011100111110011000000000111111000000001000010101001001010101111111000000010001010
0001110011001000010000000001000101010000010001001010011001101000001010000000100011001010110010100000000100001010000001000100100001100111110001101000100010001010
0001110010010000101000000001000001010000010001001101011010010000010010000000100011000111010000010000000011111111000001000101001101101010001111001000000010001010
0001110001010110011100000000111110000000010001011010011010110111010010000000100011000011100001100000000011110001000001000110010101101100101001001000000010001010
0001110000011010110000000000111010110000010001110000011011011100010010000000100010111111110110010000000011100101000001000111011101101110110101111000000010001010
0001101111100000000000000000110111010000010001111001011011111110001010000000100010111100000101110000000011010010000001000111010101110000111011001000000010001010
0001101110100010100100000000101111100000010001100101011100011110111010000000100010111000010010010000000010101100000001000101100001110010110111101000000010001010
0001101101101001000100000000100110000000010001000000011100111011001110000000100010110110100100010000000010011000000001000100000001110011101100111000000010001010
0001101000011000011000000000111110100000001110000010011110110111100100000000100010100001011011100000000100000001000000110111111101111011011111111000000010001010
0001101000010101011000000001000001110000001101111010011110111000011010000000100010100001001111010000000100001110000000110111011101111011100011010000000010001010
0001101000010010101000000001000101100000001101110110011110111001001000000000100010100001000111000000000100011110000000110111001001111011100101101000000010001010
0001101000010001110000000001000111100000001101110010011110111001011010000000100010011111111110110000000110011111000000110010010101111011111000100000000000001010
0001100111111111101100000001101001010000001100100001011110111110001000000000000010011111111110110000000110101100000000110001110101111011111000101000000000001010
0001100111111111110000000001101100110000001100011001011110111110001010001000000010011111111111000000000110111010000000110001011001111011111000100000100000001010
0001100111111111110000000001110000000000001100010011011110111110001000000000100010011111111111010000000111000111000000110001000001111011111000100000000010001010
0001100111111111110100000001110011010000001100001101011110111110001000000000100010011111111111010000000111010100000000110000101001111011111000100000100010001010
0001100111111111110100000001110110100000001100000110011110111110001000000000100010011111111111010000000111100001000000110000001101111011111000100000000010001010
0001100111111111110100000001111001110000001011111111011110111110000100000000100010011111111111010000000111101101000000101111110001111011111000011000100010001010
0001100111111111110100000001111011010000001011111100011110111110000110001000100010100000000000010000001010110001000000101001011101111011110111110000000010001010
0001101000000000000100000010101101100000001010010100011110111101111100000000100010100000000000010000001010111011000000101001001001111011110111110000000000001010
0001101000000000000100000010101111110000001010010000011110111101111100000000100010100000000000010000001011000100000000101000110101111011110111110000000010001010
0001101000000000000100000010110010010000001010001011011110111101111100000000100010100000000000010000001011001001000000101000101101111011110111110000000010001010
0001101000000000000100000011000110100000001001100000011110111101111000000000100010100000000000010000001100011111000000100101111001111011110111100000000010001010
0001101000000000000100000011001000100000001001011100011110111101111000000000100010100000000000010000001100100110000000100101101001111011110111100000000010001010
0001101000000000000100000011001010100000001001011000011110111101110110001000100010100000000000010000001100101110000000100101011001111011110111010000000010001010
0001101000000000000100000011001100010000001001010100011110111101110100000000100010100000000000010000001100110101000000100101001001111011110111011000100010001010
0001101000000000000100000011001110010000001001010000011110111101110110001000000010100000000000100000001100111100000000100100111001111011110111010000000010001010
0001101000000000001000000011010000000000001001001100011110111101110100000000100010100000000000100000001101000011000000100100101001111011110111010000000010001010
0001101000000000001000000011010001110000001001001000011110111101110100000000100010100000000000100000001101000111000000100100100001111011110111010000000010001010
0001101000000000001100000011101110100000001000001010011110111101101010001000100010100000000000110000001110111101000000100000100101111011110110100000000010001010
0001101000000000001100000011110000000000001000000111011110111101101000000000000010100000000000110000001111000010000000100000011001111011110110100000000010001010
0001101000000000001100000011110001010000001000000100011110111101101000000000100010100000000000110000001111001000000000100000001101111011110110100000000010001010
0001101000000000001100000011110010100000001000000010011110111101101000000000100010100000000000110000001111001010000000100000001001111011110110100000000010001010
0001101000000000010000000011111111100000000111100110011110111101100100000000100010100000000000110000010000000000000000011110010001111011110110010000000010001010
0001101000000000010000000100000000100000000111100011011110111101100100000000100010100000000001000000010000000100000000011110001001111011110110010000000010001010
0001101000000000010000000100000001100000000111100001011110111101100000000000100010100000000001000000010000001000000000011110000001111011110110000000000010001010
0001101000000000010000000100000010100000000111011111011110111101100000000000100010100000000001000000010000001100000000011101110101111011110110000000000010001010
0001101000000000001100000100000011100000000111011100011110111101100000000000100010100000000000110000010000010000000000011101101101111011110110001000100010001010
0001101000000000001100000100000100110000000111011010011110111101100010001000100010100000000000110000010000010101000000011101100101111011110110000000000010001010
0001101000000000010000000100000101110000000111011000011110111101100000000000000010100000000001000000010000010111000000011101100001111011110110000000000000001010
0001100111101001101000000100011100010000000110110010011111000011000110000000100010011101101010100000010001110001000000011011011101111100011010111000000010001010
0001100111001001101000000100011011000000000110111110011111001010101110000000100010011011011010010000010001100011000000011100100101111100111011111000000010001010
0001100110100001111100000100010110010000000111010011011111010011011010000000100010011000110001100000010001001111000000011101100001111101011111001000000010001010
0001100101110110100000000100010010000000000111011110011111011100000010000000100010010110000000110000010001000011000000011110011001111110000000001000000010001010
0001100101000111101100000100001111000000000111101101011111100100001010000000100010010010101101110000010000110101000000011111011001111110100010001000000010001010
0001100100001010111100000100001011100000000111111100011111101101000110000000100010001110011101000000010000100011000000100000011001111111000101111000000010001010
0001100011000011110000000100000011110000001000010000011111110101010010000000100010001100001111000000010000001111000000100001000001111111010101001000000010001010
0001001110000011111000000010110111100000001010101001011100101110100000000000100000111000100001110000001011011100000000101010011001110010110001000000000010001010
0001001110001101000100000010110111000000001010011111011100101010000010000000100000111001000011100000001011011001000000101001100001110010100000100000000010001010
0001001110010100001000000010110110000000001010010001011100100110100000000000100000111001011100100000001011011000000000101000101001110010010100011000000010001010
0001001110010111001000000010110110000000001010001010011100100101000110000000100000111011100001010000001100000011000000011111100101110001010000011000100010001010
0001001110111001011100000011000001010000000111110011011100010011100000000000100000111011101000000000001100001000000000011110110101110001001100110000000010001010
0001001110111010010000000011000010110000000111100101011100010011000100000000100000111011101010010000001100001110000000011101111001110001001011110000000010001010
0001001110111011101100000011000100000000000111010100011100010010010110001000100000111011110101010000001100010001000000011100101101110001000101111000000010001010
0001001110111111001000000011000100110000000111000101011100010000100010000000100000111100000010010000001100010101000000011100000001110000111111000000000010001010
0001001111000001011000000011000110010000000110111011011100001111010100000000100000111100000110110000001100011101000000011011010001110000111100100000000010001010
0001001111000010000100000011001000000000000110101100011100001110111110001000100000111100001000010000001100100000000000011010110001110000111011111000100010001010
0001001111011010111100000011011011000000000011010011011100000001100000000000100000111101101110100000001101110001000000001100111101110000000100100000000010001010
0001001111011100100100000011011100010000000011001000011100000000101000000000100000111101110100100000001101110010000000001100001101110000000001010000000010001010
0001001111011101011100000011011101000000000010111101011100000000001010001000100000111101110110010000001101110101000000001011011101110000000000010000000010001010
0001001111011101100100000011011101010000000010110111011100000000000100000000100000111110111000110000001110011001000000000101011101101111011010111000100010001010
0001001111101110110000000011100110100000000001010010011011110110011000000000100000111110111110000000001110011100000000000100110001101111011000000000000010001010
0001001111110000010100000011100111100000000001001000011011110101100000000000100000111111000100010000001110100000000000000100010001101111010100010000000010001010
0001001111110001110100000011101000100000000001000000011011110100101100000000100000111111001010000000001110100100000000000011110101101111010001001000100010001010
0001001111110011001000000011101001110000000000111001011011110011111000000000100000111111001110110000001110101000000000000011010001101111001110011000100010001010
0001001111110100010000000011101010100000000000110000011011110011010000001000100000111111010011010000001110101100000000000010101101101111001011110000100010001010
0001001111110101011000000011101011100000000000100111011011110010101000000000100000111111010101100000001110101110000000000010011101101111001010100000000010001010
0001001111111111011000000011110110001000000001100111011011101100110100000000100000111111111101100000001111011000100000000110101001101110110011010000000010001010
0001001111111111011000000011110110011000000001101110011011101100110100000000000000111111111101100000001111011011100000000111001001101110110011011000100010001010
0001001111111111011000000011110110111000000001110110011011101100110000000000100000111111111101100000001111011100100000000111101001101110110011000000000010001010
0001001111111111011000000011110111011000000001111110011011101100110010001000100000111111111101100000001111011110100000001000000101101110110011001000100010001010
0001001111111111010100000011110111111000000010000101011011101100110010001000100000111111111101010000001111100001100000001000100101101110110011000000000010001010
0001001111111111010100000011111000101000000010001100011011101100110010001000100000111111111101010000001111100100100000001001000001101110110011000000000010001010
0001001111111111010100000011111001011000000010010011011011101100110000000000100000111111111101010000001111100101100000001001001101101110110011000000000010001010
0001001111111111010000000100000010111000000100000000011011101100101100000000100000111111111101000000010000001100100000010000001001101110110010110000000000001010
0001001111111111010000000100000011011000000100000101011011101100101100000000100000111111111100110000010000001101100000010000011101101110110010110000000010001010
0001001111111111010000000100000011101000000100001010011011101100101100000000100000111111111101000000010000001110100000010000110001101110110010111000100010001010
0001001111111111010000000100000011101000000100001100011011101100101110001000100000111111111100110000010000011101100000010011100101101110110010100000000010001010
0001001111111111001100000100000111101000000100111011011011101100101000000000100000111111111101000000010000011111100000010011110101101110110010100000000010001010
0001001111111111010000000100000111111000000100111111011011101100101000000000100000111111111101000000010000100000100000010100000101101110110010100000000010001010
0001001111111111010000000100001000011000000101000011011011101100101010001000000000111111111100110000010000100010100000010100011001101110110010100000000010001010
0001001111111111001100000100001000101000000101001000011011101100101000000000100000111111111100110000010000100011100000010100101001101110110010100000000010001010
0001001111111111001100000100001001001000000101001100011011101100101000000000100000111111111100110000010000100100100000010100111001101110110010010000000010001010
0001001111111111001100000100001001011000000101010001011011101100100110001000100000111111111100110000010000100110100000010101001101101110110010010000000010001010
0001001111111111001100000100001001101000000101010011011011101100100100000000100000111111111100100000010000111010100000011001010001101110110010000000000010001010
0001001111111111001000000100001110101000000110010110011011101100100000000000100000111111111100100000010000111011100000011001100001101110110010001000100010001010
0001001111111111001000000100001110111000000110011001011011101100100000000000000000111111111100100000010000111100100000011001101101101110110010001000100010001010
0001001111111111001000000100001111001000000110011100011011101100100000000000100000111111111100100000010000111100100000011001110001101110110010000000000010001010
0001010000001010001100000100001111011000000110110000011011100110000110000000100001000001010100010000010001010011100000011010100101101101111110101000000010001010
0001010000100010111000000100011001111000000110100000011011010111010110000000100001000011001100110000010001110001100000011001100101101100110101011000000010001010
0001010001000101101000000100011110001000000110010011011011000001110010000000100001000101100110110000010001111110100000011000101101101011010011111000000010001010
0001010001101111001100000100011111101000000110000011011010100110110110000000100001001000010101010000010001110010100000010111101001101001011111101000000010001010
0001010010011011110100000100010111101000000101101110011010001000010110000000100001001011001110010000010001001101100000010101111101100111011101011000000010001010
0001010011001101110100000100001111101000000101001100011001100100000010000000100001001110110010010000010000101110100000010011101101100100110001111000000010001010
0001010100001110100000000100001001111000000100101001011000110001011010001000100001010000111010000000010000100111100000010010100101100011000101101000100010001010
0001011110100110110100000011101110100000000001000000001001010010100000001000100001111010101001000000001110110101000000000011110000100100011100001000100010001010
0001011110101101010000000011101011110000000000110111001000111100111010000000100001111010111111100000001110101001000000000011000100100011001111101000000010001010
0001011110110010001100000011101001000000000000101010001000101011101110000000100001111011010001010000001110011111000000000010000100100010010000101000000010001010
0001011110110110000100000011100110000000000000011011001000011101111110000000100001111011011101110000001110010001000000000001011000100001100100001000000010001010
0001011110111000100100000011100010000000000000010001001000010100111010000000100001111011100101110000001110000001000000000000101100100001000110011000100010001010
0001011110111010010000000011011110110000000000000100001000001110100110001000100001111011101100010000001101110110100000000000001100100000101110001000100010001010
0001011110111011000100000011011101101000000000000011001000001011100010001000100001111100011100110000001011011110100000010000001000011101110000111000100010001010
0001011111000111001100000010110110101000000100001001000111011100001100000000100001111100011100110000001011010111100000010000111100011101110000110000000010001010
0001011111000111001100000010110100111000000100010110000111011100001100000000000001111100011100110000001011010000100000010001110100011101110001000000000000001010
0001011111000111001100000010110011001000000100100100000111011100010010000000000001111100011100110000001011001100100000010010010000011101110001001000000000001010
0001011111000111001000000010100100011000000110011100000111011100011100000000000001111100011100100000001010001110100000011010001000011101110001110000000000001010
0001011111000111001000000010100010111000000110101000000111011100100000000000100001111100011100100000001010001000100000011010111000011101110010000000000010001010
0001011111000111001000000010100001011000000110110011000111011100100010001000100001111100011100100000001010000010100000011011100100011101110010001000100000001010
0001011111000111000100000010011111111000000110111111000111011100100000000000000001111100011100010000001001111100100000011100010000011101110010010000000000001010
0001011111000111000100000010011110101000000111001010000111011100100100000000000001111100011100010000001001110111100000011100111100011101110010011000100000001010
0001011111000111000100000010011101001000000111010101000111011100100100000000100001111100011100010000001001110010100000011101101000011101110010100000000000001010
0001011111000111000100000010011011111000000111011111000111011100101000000000100001111100011100010000001001101111100000011101111100011101110010100000000010001010
0001011111000100011100000010000110011000001010001010000111100111001000001000100001111100010001110000001000010111100000101000111100011110011100100000100010001010
0001011111000100011100000010000101101000001010010100000111100111001000001000100001111100010001110000001000010100100000101001100000011110011100101000100000001010
0001011111000100011100000010000100101000001010011100000111100111001000000000100001111100010001100000001000010001100000101010000000011110011100101000100010001010
0001011111000100011000000010000011111000001010100100000111100111001010001000100001111100010001100000001000001111100000101010010000011110011100101000100010001010
0001011111000100010100000001111010011000001011110000000111100111001000000000100001111100010001010000000111100111100000101111010000011110011100100000000010001010
0001011111000100010100000001111001011000001011110111000111100111001010001000100001111100010001010000000111100100100000101111101000011110011100100000000010001010
0001011111000100010100000001111000101000001011111110000111100111001000000000100001111100010001010000000111100000100000110000000100011110011100100000000010001010
0001011111000100010100000001110111101000001100000100000111100111001010000000100001111100010001010000000111011100100000110000011100011110011100100000100000001010
0001011111000100010100000001110111001000001100001011000111100111001000001000100001111100010001010000000111011010100000110000111000011110011100100000000000001010
0001011111000100010100000001110110011000001100010001000111100111001000000000100001111100010001010000000111010111100000110001010000011110011100100000000010001010
0001011111000100010100000001110101101000001100010111000111100111001000000000100001111100010001010000000111010110100000110001011100011110011100100000000010001010
0001011111000100001000000001101001011000001101110111000111100111001110001000100001111100010000100000000110100101100000110111100100011110011100110000000010001010
0001011111000100001000000001101000111000001101111100000111100111001110001000100001111100010000100000000110100010100000110111111000011110011100110000000010001010
0001011111000100001000000001101000011000001110000001000111100111001100000000100001111100010000100000000110100000100000111000001100011110011100111000100010001010
0001011111000100001000000001100111101000001110000101000111100111001110001000000001111100010000100000000110011101100000111000011100011110011100110000000010001010
0001011111000100001000000001100111001000001110001010000111100111001100000000100001111100010000100000000110011011100000111000110000011110011100110000000010001010
0001011111000100001000000001100110101000001110001110000111100111001100000000100001111100010000100000000110011001100000111001000000011110011100111000100010001010
0001011111000100001000000001100110001000001110010010000111100111001100000000100001111100010000100000000110011000100000111001001000011110011100110000000010001010
0001011111000100000000000001011101111000001111010111000111100111001100000000100001111100010000000000000101110110100000111101100100011110011100110000000010001010
0001011111000100000000000001011101101000001111011010000111100111001100000000100001111100010000000000000101110101100000111101110000011110011100110000000010001010
0001011111000100000000000001011101001000001111011101000111100111001100000000100001111100010000000000000101110011100000111101111000011110011100110000000010001010
0001011111000100000000000001011100101000001111100000000111100111001100000000100001111100010000000000000101110010100000111110000000011110011100110000000010001010
0001011111000011111100000001011000011000001111111111000111100111001100000000100001111100001111110000000101100000100001000000000000011110011100110000000010001010
0001011111000011111100000001011000001000010000000001000111100111001100000000000001111100001111110000000101011111100001000000001100011110011100110000000010001010
0001011111000011111100000001010111111000010000000100000111100111001100000000000001111100001111110000000101011110100001000000010100011110011100110000000010001010
0001011111000011111100000001010111101000010000000111000111100111001100000000100001111100001111110000000101011101100001000000011100011110011100110000000010001010
0001011111000011111100000001010111001000010000001001000111100111001110001000000001111100001111110000000101011011100001000000101000011110011100110000000010001010
0001011111000011111100000001010110111000010000001011000111100111001100000000000001111100001111110000000101011010100001000000110000011110011100110000000010001010
0001011111000011111100000001010110101000010000001101000111100111001100000000100001111100001111110000000101011010100001000000110100011110011100110000000010001010
0001011111000011111100000001010001101000010000110100000111100111000000001000100001111100001111110000000101000101100001000011010100011110011100001000100010001010
0001011111000011111100000001010001011000010000110110000111100111000000000000100001111100001111110000000101000100100001000011011100011110011100000000000010001010
0001011111000011111100000001010001001000010000111000000111100110111100000000100001111100001111110000000101000100100001000011100100011110011011110000000010001010
0001011111000011111100000001010001001000010000111001000111100110111100000000100001111100001111110000000100110101100001000100011000011110011011010000000010001010
0001011111000011111100000001001101001000010001000110000111100110110010000000100001111100010001110000000100110011100001000100000000011110010011011000000010001010
0001011111000101101000000001001110001000010000111001000111011111110110000000100001111100011011110000000100111110100001000011011000011101101001101000000010001010
0001011111001000001100000001010000011000010000110000000111010101010110000000100001111100100101100000000100111111100001000001111000011101000001101000000010001010
0001011111001010101000000001001101101000001111110100000111001011011110000000100001111100101111010000000100100011100000111010110100011100011011001000000010001010
0001011111001100111000000001000001111000001101000011000111000011000010000000100001111100110110010000000011011111100000101010111100011100000011101000000010001010
0001011111001110000100000000101011111000000111101101000110111111111100000000100001111100111001100000000001110100100000001111110000011011111101101000000010001010
0001011111001110011000000000011101001000000011111100000110111111011010000000100001101100110000011000110100111001001111100011010100010110100101100000000010001010
0001011010111110101110001101011110110011111110110011000101100100101000000000100001101011001000111000110110111100010000010000101000010110000001010000000010001010
0001011010100110101110001110000000110100001000111001000101011101000110000000100001101001101111111000111001001001010000110100100000010101101010001000000010001010
0001011010010001110010001110100010100100010001000011000101011000010110000000100001101000011111001000111011000100010001010011010100010101011001101000000000001010
0001011001111101110110001110111110000100011000011101000101010101000110000000000001100111001111111000111100100100010001101111111000010101010011001000000000001010
0001011001101001101010001111011001010100011111100001000101010100001110000000000001100101111100101000111110101110010010001100001000010101001110001000000000001010
0001011001010100100110001111111110000100100110011110000101010011000110000000000001100100100111101001000001000011010010100111011100010101001011001000000000001010
0001011001001001111010010000010000110100101001110111000101010010110010000000000001011000101010011001010010100110010101111100011000010011110001110000000000001010
0001010110001010001110010100101010000101011111001100000100111100011010000000100001011000100111011001010010101001010101111101000100010011110001001000100010001010
0001010110001001100010010100101010110101011111010111000100111100001100000000100001011000100100101001010010101100010101111101110100010011110000010000000010001010
0001010110001000110010010100101011100101011111100010000100111011111110001000100001011000100011001001010010101110010101111110001000010011101111111000100010001010
0001010110000010011110010100110010010101100001001000000100111010010000000000100001011000001000011001010011001011010110000100110100010011101000101000000010001010
0001010110000001110110010100110011000101100001010010000100111010000100000000100001011000000110001001010011001110010110000101011100010011101000001000100010001010
0001010110000001001010010100110011110101100001011101000100111001111000000000100001011000000011011001010011010000010110000110000100010011100111011000100010001010
0001010110000000100110010100110100100101100001100110000100111001101100000000100001011000000001001001010011010011010110000110101100010011100110100000000010001010
0001010101111111111110010100110101000101100001110000000100111001100000000000000001010111111110101001010011010101010110000111010100010011100101110000000010001010
0001010101111111010110010100110101100101100001111010000100111001010100000000000001010111111100011001010011010111010110000111111000010011100101000000000000001010
0001010101111110110010010100110110000101100010000011000100111001001110001000100001010111111011001001010011011000010110001000001100010011100100111000100010001010
0001010101110101011110010100111111100101100100010111000100110110011000000000100001010111010100111001010011111110010110010001101100010011011001010000000000001010
0001010101110101000010010100111111110101100100011110000100110110010000000000100001010111010011011001010100000000010110010010000100010011011000110000000000001010
0001010101110100100110010101000000010101100100100100000100110110001010001000100001010111010001101001010100000010010110010010100000010011011000011000100010001010
0001010101110100001010010101000000100101100100101011000100110110000000000000100001010111010000101001010100000010010110010010101100010011011000000000000010001010
0001010101110000000110010101000100010101100101101100000100110100110100000000100001010110111111101001010100010001010110010110111100010011010011000000000010001010
0001010101101111101010010101000100100101100101110010000100110100110010001000000001010110111101111001010100010011010110010111010100010011010010110000000010001010
0001010101101111010010010101000100110101100101111000000100110100101010001000000001010110111100011001010100010100010110010111101100010011010010011000100010001010
0001010101101110111010010101000101010101100101111110000100110100100010001000100001010110111010111001010100010101010110011000000100010011010001110000000010001010
0001010101101110100010010101000101100101100110000100000100110100011000000000100001010110111001101001010100010111010110011000011100010011010001010000000010001010
0001010101101110001110010101000101110101100110001010000100110100010100000000100001010110110111111001010100011000010110011000110100010011010001001000000010001010
0001010101101101110010010101000110010101100110010000000100110100001100000000100001010110110111001001010100011001010110011001000000010011010000110000000010001010
0001010101101000010110010101001011100101100111100101000100110010011100000000100001010110100000111001010100101111010110011110011100010011001001110000000000001010
0001010101101000000110010101001011110101100111101001000100110010011010001000100001010110011111111001010100110000010110011110101100010011001001010000000010001010
0001010101100111110110010101001100000101100111101101000100110010010100000000100001010110011110111001010100110001010110011110111000010011001001000000000010001010
0001010101100111100110010101001100010101100111110001000100110010001100000000000001010110011101111001010100110001010110011111001100010011001000110000000010001010
0001010101100111010110010101001100100101100111110101000100110010001000000000100001010110011100111001010100110010010110011111011100010011001000100000000010001010
0001010101100111000110010101001100100101100111111001000100110010000100000000100001010110011011111001010100110011010110011111101100010011001000001000100000001010
0001010101100110101010010101001101000101100111111111000100110001111100000000100001010110011010101001010100110100010110011111111100010011000111110000000010001010
0001010011101100100110010110000101000110000100000010000100001010010000000000100001001101111010011001011000111110011000011011011100010000011010110000000010001010
0001010011010000001010010110011000110110001001101111000100000010110000000000000001001100000100101001011001111010011000110011000000001111111000100000000000001010
0001010010110001101010010110100100010110001111110011000011111001100000000000000001001010000101011001011010101000011001001011101100001111010010110000000000001010
0001010010100001010110010110101010000110010010111011000011110100101100000000000000110100000001001001100010110010011100011110001100001001110101000000000000001010
0001001100100000110110011000110111000111001011000011000010010110101110000000100000110000000100001001100100001010011100111001101000001001000000011000000010001010
0001001011100001100010011001001100110111010001100110000010001001110110000000100000101100001010001001100101011110011101010010010000001000001100000000000010001010
0001001010100100000010011001100000000111010111011000000001111100001000000000100000101000011100111001100110010111011101100111101100000111010110010000000000001010
0001001001101100100010011001101000000111011100001101000001101111100000000000000000100101010010001001100110011110011101111000110100000110100111000000000000001010
0001001000111111000110011001100110010111011111111011000001100100110000000000000000100010101110111001100110011001011110000101101000000110000000100000000000001010
0001001000011001101110011001100111010111100010101110000001011011111000000000000000100000100011111001100110011100011110001111101100000101011110110000000000001010
0001001000001000111110011001100111000111100011111011000001010111101100000000000010000100110100111001101010010000011111010001100010000010001110000000000000001010
0001100001001101011110011010011111110111110100011100100000100011100000000000000010000100110101111001101001011110011111010010001110000010001110000000000000001010
0001100001001101011010011010010000100111110100101001100000100011100100000000000010000100110101101001101000101011011111010010110110000010001110100000000000001010
0001100001001101010110011010000110010111110100110001100000100011101000000000000010000100110101011001101000001011011111010011010010000010001110110000000000001010
0001100001001101010010011010000000110111110100110110100000100011101010001000000010000100110101001001101000000010011111010011011010000010001110100000000000001010
0001100001001101010010011010000000100111110100110110100000100011100110001000100010000100110101001001101000000011011111010011011010000010001110001000100010001010
0001100001001101010010011010000000110111110100110110100000100011011110001000100010000100110101001001101000000011011111010011011010000010001101100000000010001010
0001100001001101010010011010000000110111110100110110100000100011011000000000100010000100110101011001101000000110011111010011010110000010001000010000000010001010
0001100001001101010110011010000001100111110100110101100000100010000000000000100010000100110101011001101000000110011111010011010110000010001000000000000000001010
0001100001001101011010011010000001100111110100110101100000100010000000000000100010000100110101101001101000000110011111010011010110000010000111110000000010001010
0001100001001101011010011010000001100111110100110101100000100001111100000000100010000100110101101001101000000110011111010011010110000010000111110000000010001010
0001100001001101010110011010000010000111110100110101100000100001011000000000100010000100110101011001101000001000011111010011010110000010000101100000000010001010
0001100001001101010110011010000010010111110100110101100000100001010110001000100010000100110101011001101000001001011111010011010110000010000101010000000000001010
0001100001001101010110011010000010010111110100110101100000100001010110001000100010000100110101011001101000001001011111010011010110000010000101001000100010001010
0001100001001101010110011010000010010111110100110101100000100001001100000000000010000100110101011001101000001001011111010011010110000010000100110000000010001010
0001100001001101010110011010000010010111110100110101100000100001001100000000100010000100110101011001101000001001011111010011010110000010000100100000000010001010
0001100001001101010110011010000010010111110100110101100000100001001000000000100010000100110101011001101000001001011111010011010110000010000100100000000010001010
0001100001001101010110011010000010100111110100110101100000100001000110001000100010000100110101011001101000001010011111010011010110000010000100011000100010001010
0001100001001101010110011010000011010111110100110101100000100000010010001000100010000100110101011001101000001101011111010011010110000010000001000000000010001010
0001100001001101010110011010000011010111110100110101100000100000010000000000100010000100110101011001101000001101011111010011010110000010000001000000000010001010
0001100001001101010110011010000011010111110100110101100000100000001100000000100010000100110101011001101000001101011111010011010010000010000000111000100010001010
0001100001001101010110011010000011010111110100110100100000100000001110001000100010000100110101011001101000001110011111010011010010000001111111110000000010001010
0001100001001101010110011010000011110111110100110100100000011111111100000000100010000100110101011001101000001111011111010011010010000001111111110000000010001010
0001100001001101010110011010000011110111110100110100100000011111111100000000100010000100110101011001101000001111011111010011010010000001111111100000000010001010
0001100001001101010110011010000011110111110100110100100000011111111000000000100010000100110101101001101000010000011111010011010010000001111111100000000010001010
0001100001001101001010011010001001010111110100110000100000011111111010001000100010000100110011101001101001011111011111010010010010000001111111101000100010001010
0001100001001100111110011010100110100111110100010111100000011111111110001000100010000100110100101001101011000011011111010000111010000010000001000000000010001010
0001100001001101011010011010111000000111110100001000100000100000011000000000100010000100110110101001101011110111011111010000001110000010000001100000000010001010
0001100001001101101010011010111101110111110100000011100000100000011000000000100010100101100011001001100101100100011101110110001010001000101100011000000000001010
0001101001110101001010011001001110000111011011010010100010010000101110000000000010101001001100001001100100001010011101100011001010001001011011001000000000001010
0001101010110001011110011000111000000111010110000101100010011100111010000000100010101101000000101001100010111000011101001100110010001010001100101000000010001010
0001101011101110110110011000100011110111010000001010100010101001010110000000100010110000110110111001100001100001011100110011111010001010111101011000000010001010
0001101100001101101110011000011000010111001100111110100010101111010110000000100011001111110101101001010011001110011000000100111010010001010101110000000010001010
0001110100000100100010010100101111100101111111101110100100010110111100000000100011010000101000101001010010110000010111111010001110010001011111111000000010001010
0001110100001110011110010100101001000101111101101001100100011000101110000000100011010001000111101001010010011000010111110011101110010001100101011000000010001010
0001110100010100110010010100100011100101111100010100100100011001111110000000000011010001011101111001010001111111010111101111001010010001101001011000000000001010
0001110100011010000110010100011011100101111011010000100100011010110010000000000011010001110001111001010001011011010111101011001010010001101100111000000000001010
0001110100011110010110010100010010100101111010011010100100011011011010000000000011010010000000111001010000111001010111101000010010010001101101011000000000001010
0001110100100010010010010100001001110101111001101100100100011011010110000000000011010010010011111001010000010110010111100100100110010001101110001000000000001010
0001110100100100111110010100000101100101111001001001100100011011100010000000000011011001111110101001001011100110010101101101111110010011100100000000000000001010
0001110110011111001010010010111010000101011011100111100100111000111100000000000011011001111010101001001011101010010101101110111110010011100011010000000010001010
0001110110011110001010010010111011000101011011110111100100111000110000000000100011011001110110111001001011101110010101101111111110010011100010110000000010001010
0001110110011101001110010010111011110101011100000111100100111000100110001000100011011001110100111001001011101111010101110000011110010011100010011000100010001010
0001110110010100101110010011000010110101011110010010100100110111001100000000100011011001010001001001001100001100010101111001100010010011011100100000000000001010
0001110110010011110110010011000011100101011110011111100100110111000100000000100011011001001101111001001100001111010101111010010110010011011100000000000010001010
0001110110010011000110010011000100000101011110101100100100110110111100000000100011011001001010101001001100010001010101111011001010010011011011100000000010001010
0001110110010010010010010011000100110101011110111001100100110110110100000000100011011001000111101001001100010100010101111011111110010011011011000000000010001010
0001110110010001011110010011000101100101011111000110100100110110101100001000100011011001000100011001001100010111010101111100110010010011011010100000000010001010
0001110110010000101010010011000110000101011111010010100100110110100100000000100011011001000001001001001100011010010101111101100110010011011010000000000010001010
0001110110001111111010010011000110110101011111011110100100110110011100000000100011011000111111101001001100011011010101111101111010010011011001110000000010001010
0001110110000100001110010011010000100101100010011001100100110100011100000000100011011000001111101001001101000011010110001001110110010011010001110000000010001010
0001110110000011101010010011010001000101100010100010100100110100011010001000100011011000001101011001001101000101010110001010011010010011010001011000100010001010
0001110110000011000110010011010001100101100010101011100100110100010010001000100011011000001011001001001101000111010110001010111110010011010000110000000010001010
0001110110000010110010010011010001110101100010101111100100110100001100000000100011010111110111011001001101010111010110001111110110010011001101111000100010001010
0001110101111101100110010011010101110101100100000001100100110011011100000000000011010111110101011001001101011000010110010000010110010011001101100000000000001010
0001110101111101001010010011010110010101100100001000100100110011011000000000100011010111110011101001001101011010010110010000110010010011001101010000100010001010
0001110101111100101010010011010110110101100100010000100100110011010000000000100011010111110001101001001101011011010110010001001110010011001101001000100010001010
0001110101111100001110010011010111000101100100010110100100110011001100000000100011010111101111111001001101011101010110010001101010010011001100100000000010001010
0001110101111011110010010011010111100101100100011101100100110011001000000000100011010111101110011001001101011111010110010010000110010011001100011000100010001010
0001110101111011010110010011011000000101100100100100100100110011000100000000100011010111101100101001001101100000010110010010011110010011001100000000000010001010
0001110101111011001010010011011000000101100100100111100100110011000000000000100011010111010010001001001101110111010110011000110110010011000111110000000010001010
0001110101110100011010010011011110000101100110010000100100110001111010001000100011010111010000111001001101111001010110011001001010010011000111101000100010001010
0001110101110100000110010011011110010101100110010101100100110001110110001000100011010111001111101001001101111010010110011001011110010011000111011000100010001010
0001110101110011101110010011011110110101100110011010100100110001110010001000100011010111001110111001001101111011010110011001101010010011000111001000100010001010
0001110101110001000110010011100001100101100111000010100100110001010100000000100011010111000011101001001110000110010110011100010110010011000101000000000010001010
0001110101110000110010010011100001110101100111000111100100110001001110001000100011010111000010101001001110000111010110011100100110010011000100111000100010001010
0001110101110000100010010011100010000101100111001011100100110001001000000000100011010111000001101001001110001000010110011100110110010011000100100000000010001010
0001110101110000010010010011100010010101100111001111100100110001001010001000100011010111000000101001001110001001010110011101000010010011000100100000000010001010
0001110101110000000010010011100010100101100111010010100100110001000110001000100011010110111111101001001110001010010110011101010010010011000100010000000010001010
0001110101101111110010010011100010110101100111010110100100110001000100000000100011010110111110101001001110001011010110011101100010010011000100001000100010001010
0001110101101111100010010011100010110101100111011010100100110001000010001000000011010110111110001001001110001011010110011101101010010011000100001000100000001010
0001111011010110001010001101100000010011110001101000100110000011011010000000100011101110001101011000110100011110001110101111011010011000010000111000000010001010
0001111011101111011010001100110000010011100110011000100110000100101110000000100011101111101001011000110001101010001110000101010110011000010011101000000010001010
0001111100000100010110001100000101010011011100100111100110000100110010000000100011110000110111101000101111000100001101100000001010011000001111111000000010001010
0001111100010110111010001011011101100011010011101100100110000010101010000000100011110001011011101000101101110110001101001110110010011000001010101000000010001010
0001111110101110111010000101011010100001100101101001100110000110100110000000100011111011001100011000010100100110000110000010010110011000011011011000000010001010
0001111110110110111110000100111000100001011011101101100110000111000010000000100011111011101010001000010010100010000101011100001010011000011011011000000010001010
0001111110111101110110000100011001100001010010011110100110000110100110000000100011111100000011101000010000101100000100111000001010011000011001011000000010001010
0001111111000011101110000011111100110001001001100100100110000110010110000000100011111100011001011000001110111100000100010100010010011000011010101000000010001010
0001111111001000111010000011100000000001000000011100100110000110110110000000100011111100101101101000001101000001000011101110111010011000011010011000000010001010
0001111111001101110010000011000000000000110110111101100110000110010010000000100011111100111111101000001011000010000011001000110110011000011000011000000010001010
0001111111010001110010000010100001010000101101100001100110000110000110000000100011111101000111001000001010000101000010110110000110011000011000011000000010001010
0001111111011000101110000000110111010000001101110101100110001010110000000000100011111101100010111000000011011101000000110111011110011000101011000000000010001010
0001111111011000101110000000110111010000001101111010100110001010110000000000100011111101100010111000000011011101000000110111110010011000101011000000100010001010
0001111111011000101110000000110111010000001101111111100110001010110000000000100011111101100010111000000011011101000000111000000110011000101011000000000010001010
0001111111011000101110000000110111010000001110000001100110001010110000000000100011111101100010101000000011011010000000111010110110011000101010110000100000001010
0001111111011000101010000000110110100000001110110000100110001010101010001000100011111101100010101000000011011010000000111011001010011000101010110000100000001010
0001111111011000100110000000110110100000001110110100100110001010101100001000000011111101100010011000000011011011000000111011011110011000101010110000100010001010
0001111111011000100110000000110110110000001110111001100110001010101100000000000011111101100010011000000011011011000000111011101110011000101010101000000010001010
0001111111011000100110000000110110110000001110111101100110001010101000000000100011111101100010011000000011011010000000111011111110011000101010101000000010001010
0001111111011000100110000000110110100000001111000001100110001010101010000000100011111101100010011000000011011010000000111100001110011000101010101000000010001010
0001111111011000100110000000110110100000001111000100100110001010101000000000100011111101100010011000000011011001000000111100011010011000101010100000000010001010
0001111111011000100110000000110110010000001111000110100110001010101000000000100011111101100010001000000011011000000001000000011010011000101010000000100010001010
0001111111011000100010000000110110000000010000001000100110001010011110001000100011111101100001111000000011011001000001000000100110011000101001110000000000001010
0001111111011000011110000000110110010000010000001011100110001010011110001000000011111101100001111000000011011001000001000000110110011000101010000000100000001010
0001111111011000011110000000110110010000010000001110100110001010100000000000100011111101100001111000000011011001000001000000111010011000101010000000000010001010
0001111111011000011110000000110101010000010000101000100110001010011110001000100011111101100001111000000011010101000001000010100110011000101001101000100010001010
0001111111011000011110000000110101010000010000101011100110001010011000000000100011111101100001111000000011010101000001000010110010011000101001100000000010001010
0001111111011000011110000000110101010000010000101101100110001010011010001000100011111101100001111000000011010100000001000010111110011000101001100000000010001010
0001111111011000011010000000110101010000010000110000100110001010011000000000000011111101100001101000000011010101000001000011000110011000101001100000000010001010
0001111111011000011010000000110101010000010000110010100110001010011000000000100011111101100001101000000011010101000001000011001110011000101001100000000000001010
0001111111011000011010000000110101010000010000110101100110001010011010001000100011111101100001101000000011010101000001000011011110011000101001100000000010001010
0001111111011000011010000000110101010000010000111000100110001010010110001000100011111101100001101000000011010101000001000011100010011000101001011000100010001010
0001111111011000010110000000110100110000010001011100100110001010010000000000100011111101100001011000000011010010000001000101110110011000101001000000000010001010
0001111111011000010110000000110100100000010001011101100110001010010000000000100011111101100001011000000011010010000001000101111010011000101001000000000010001010
0001111111011000010110000000110100110000010001011111100110001010010000000000000011111101100001011000000011010011000001000110000010011000101001000000000010001010
0001111111011000010110000000110100110000010001100001100110001010010000000000100011111101100001011000000011010011000001000110000110011000101001000000000010001010
0001111111011000010110000000110100110000010001101111100110001010001000000000100011111101100001011000000011010011000001000111000010011000101000100000000010001010
0001111111011000010110000000110100110000010001110000100110001010000100000000100011111101100001011000000011010011000001000111000110011000101000010000000010001010
0001111111011000010110000000110101000000010001110010100110001010000110001000100011111101100001011000000011010100000001000111001110011000101000010000000010001010
0001111111011000010110000000110100110000010001110100100110001010000100000000100011111101100001011000000011010011000001000111010010011000101000010000000010001010
0001111111011000010110000000110100110000010001110110100110001010000110001000100011111101100001011000000011010011000001000111011110011000101000011000100010001010
0001111111011000010110000000110100110000010001110111100110001010000110001000100011111101100001011000000011010011000001000111100010011000101000010000000010001010
0001111111011000010110000000110100110000010001111001100110001010000100001000000011111101100001011000000011010011000001000111100110011000101000010000100000001010
0001111111011000010110000000110100100000010010001111100110001001111000000000100011111101100001011000000011010010000001001000111110011000100111100000000010001010
0001111111011000010110000000110100100000010010010000100110001001111000000000100011111101100001011000000011010010000001001001000010011000100111100000000010001010
0001111111011000010110000000110100100000010010010001100110001001111010001000000011111101100001011000000011010010000001001001000110011000100111100000000010001010
0001111111011000010110000000110100100000010010010001100110001001111000000000100011111101100001011000000011010010000001001001000110011000100111100000000010001010
0001111111011000010110000000110100010000010010011011100110001001110100000000100011111101100001011000000011010001000001001001101110011000100111010000000010001010
0001111111011000010110000000110100010000010010011011100110001001110000000000100011111101100001011000000011010001000001001001110010011000100111010000000010001010
0001111111011000010110000000110100010000010010011100100110001001110100000000100011111101100001011000000011010000000001001001110110011000100111011000100000001010
0001111111011000010110000000110100010000010010011101100110001001110100000000100011111101100001011000000011010001000001001001111010011000100111010000000010001010
0001111111011000010110000000110100010000010010011110100110001001110000000000100011111101100001011000000011010001000001001001111010011000100111001000100000001010
