[23, 140, 48, 41, 184, 136, 114, 151, 112, 8, 120, 196, 2, 152, 136, 128, 41, 119, 0, 138]
[23, 140, 64, 41, 104, 135, 130, 151, 112, 0, 120, 197, 2, 148, 136, 113, 41, 120, 0, 138]
[23, 140, 80, 41, 24, 134, 162, 151, 128, 8, 120, 198, 2, 143, 136, 99, 41, 120, 0, 138]
[23, 140, 96, 40, 248, 134, 50, 151, 128, 8, 120, 206, 2, 102, 135, 234, 41, 121, 0, 138]
[23, 140, 224, 38, 72, 126, 66, 151, 160, 0, 120, 207, 2, 98, 135, 222, 41, 122, 0, 138]
[23, 140, 240, 38, 8, 125, 130, 151, 160, 8, 120, 208, 2, 94, 135, 211, 41, 122, 0, 138]
[23, 141, 0, 37, 184, 124, 210, 151, 160, 8, 120, 208, 2, 89, 135, 199, 41, 122, 0, 138]
[23, 141, 16, 37, 120, 124, 18, 151, 160, 8, 120, 209, 2, 86, 135, 187, 41, 122, 0, 138]
[23, 141, 32, 37, 72, 123, 82, 151, 160, 8, 120, 210, 2, 82, 135, 176, 41, 122, 136, 10]
[23, 141, 32, 37, 8, 122, 178, 151, 160, 8, 120, 211, 2, 76, 135, 160, 41, 123, 0, 138]
[23, 141, 48, 36, 200, 122, 2, 151, 176, 8, 120, 222, 2, 22, 134, 244, 41, 122, 0, 138]
[23, 141, 240, 33, 88, 111, 2, 151, 160, 136, 120, 223, 2, 20, 134, 236, 41, 122, 0, 138]
[23, 141, 240, 33, 40, 110, 114, 151, 176, 0, 120, 223, 2, 17, 134, 228, 41, 123, 0, 138]
[23, 142, 0, 33, 8, 110, 2, 151, 176, 8, 120, 224, 2, 16, 134, 224, 41, 123, 0, 138]
[23, 142, 64, 31, 136, 105, 146, 151, 160, 0, 120, 228, 1, 247, 134, 149, 41, 122, 136, 138]
[23, 142, 80, 31, 104, 105, 34, 151, 160, 8, 120, 229, 1, 244, 134, 142, 41, 122, 0, 138]
[23, 142, 80, 31, 56, 104, 178, 151, 160, 8, 120, 229, 1, 242, 134, 135, 41, 122, 0, 10]
[23, 142, 80, 31, 24, 104, 66, 151, 160, 8, 120, 229, 1, 240, 134, 128, 41, 122, 0, 138]
[23, 142, 96, 30, 248, 103, 210, 151, 168, 136, 120, 230, 1, 238, 134, 122, 41, 122, 0, 138]
[23, 142, 96, 30, 216, 103, 114, 151, 160, 8, 120, 230, 1, 236, 134, 116, 41, 123, 0, 138]
[23, 142, 96, 30, 200, 103, 66, 151, 176, 8, 120, 236, 1, 204, 134, 18, 41, 121, 136, 138]
[23, 142, 192, 28, 200, 96, 242, 151, 144, 8, 120, 236, 1, 203, 134, 13, 41, 121, 0, 138]
[23, 142, 208, 28, 168, 96, 178, 151, 144, 8, 120, 237, 1, 201, 134, 8, 41, 121, 0, 138]
[23, 142, 208, 28, 136, 96, 98, 151, 152, 136, 120, 237, 1, 200, 134, 6, 41, 121, 136, 138]
[23, 142, 240, 27, 184, 93, 162, 151, 128, 8, 120, 240, 1, 186, 133, 216, 41, 120, 0, 138]
[23, 143, 0, 27, 152, 93, 98, 151, 128, 8, 120, 240, 1, 185, 133, 212, 41, 120, 0, 138]
[23, 143, 0, 27, 136, 93, 50, 151, 136, 136, 120, 240, 1, 183, 133, 209, 41, 120, 0, 138]
[23, 143, 0, 27, 104, 92, 242, 151, 128, 8, 120, 240, 1, 182, 133, 204, 41, 120, 0, 10]
[23, 143, 0, 27, 88, 92, 178, 151, 128, 8, 120, 240, 1, 181, 133, 200, 41, 120, 0, 10]
[23, 143, 16, 27, 72, 92, 114, 151, 128, 8, 120, 241, 1, 179, 133, 197, 41, 120, 0, 138]
[23, 143, 16, 27, 56, 92, 82, 151, 128, 8, 120, 244, 1, 163, 133, 140, 41, 119, 0, 138]
[23, 143, 64, 26, 56, 88, 162, 151, 112, 8, 120, 244, 1, 162, 133, 136, 41, 119, 0, 138]
[23, 143, 64, 26, 24, 88, 98, 151, 112, 8, 120, 244, 1, 161, 133, 133, 41, 119, 0, 138]
[23, 143, 64, 26, 24, 88, 66, 151, 112, 0, 120, 244, 1, 160, 133, 131, 41, 119, 136, 138]
[23, 143, 80, 26, 8, 88, 18, 151, 112, 8, 120, 245, 1, 159, 133, 128, 41, 118, 0, 138]
[23, 143, 80, 25, 248, 87, 226, 151, 96, 8, 120, 245, 1, 158, 133, 125, 41, 118, 0, 138]
[23, 143, 80, 25, 232, 87, 178, 151, 96, 8, 120, 245, 1, 158, 133, 123, 41, 118, 0, 138]
[23, 143, 128, 25, 24, 85, 2, 151, 72, 136, 120, 248, 1, 145, 133, 79, 41, 116, 0, 138]
[23, 143, 128, 25, 8, 84, 226, 151, 64, 8, 120, 248, 1, 144, 133, 77, 41, 116, 0, 138]
[23, 143, 128, 25, 8, 84, 194, 151, 64, 8, 120, 248, 1, 144, 133, 75, 41, 116, 0, 138]
[23, 143, 128, 25, 8, 84, 178, 151, 64, 8, 120, 249, 1, 137, 133, 57, 41, 115, 0, 138]
[23, 143, 144, 24, 152, 83, 130, 151, 48, 8, 120, 249, 1, 136, 133, 55, 41, 115, 0, 138]
[23, 143, 144, 24, 136, 83, 98, 151, 48, 8, 120, 249, 1, 136, 133, 54, 41, 115, 0, 138]
[23, 143, 160, 24, 136, 83, 82, 151, 48, 8, 120, 250, 1, 135, 133, 52, 41, 115, 136, 138]
[23, 143, 160, 24, 120, 83, 50, 151, 48, 8, 120, 250, 1, 135, 133, 51, 41, 115, 136, 138]
[23, 143, 160, 24, 104, 83, 18, 151, 48, 8, 120, 250, 1, 133, 133, 48, 41, 115, 0, 138]
[23, 143, 160, 24, 88, 82, 242, 151, 32, 8, 120, 250, 1, 132, 133, 47, 41, 114, 0, 138]
[23, 143, 160, 24, 72, 82, 242, 151, 32, 8, 120, 252, 1, 123, 133, 20, 41, 113, 0, 138]
[23, 143, 192, 23, 184, 81, 50, 151, 16, 8, 120, 252, 1, 123, 133, 19, 41, 113, 0, 138]
[23, 143, 192, 23, 184, 81, 34, 151, 16, 8, 120, 252, 1, 123, 133, 17, 41, 113, 0, 138]
[23, 143, 192, 23, 184, 81, 18, 151, 16, 8, 120, 252, 1, 122, 133, 16, 41, 113, 0, 138]
[23, 143, 192, 23, 168, 80, 242, 151, 16, 0, 120, 252, 1, 122, 133, 15, 41, 113, 0, 138]
[23, 143, 192, 23, 168, 80, 226, 151, 0, 8, 120, 252, 1, 121, 133, 14, 41, 112, 0, 138]
[23, 143, 192, 23, 152, 80, 210, 151, 0, 8, 120, 252, 1, 121, 133, 13, 41, 112, 0, 138]
[23, 143, 224, 23, 40, 79, 210, 150, 240, 8, 120, 254, 1, 114, 132, 252, 41, 110, 0, 138]
[23, 143, 224, 23, 24, 79, 194, 150, 224, 8, 120, 254, 1, 113, 132, 251, 41, 110, 0, 138]
[23, 143, 224, 23, 24, 79, 178, 150, 232, 136, 120, 254, 1, 113, 132, 251, 41, 110, 0, 138]
[23, 143, 224, 23, 24, 79, 178, 150, 224, 8, 120, 255, 1, 109, 132, 243, 41, 109, 136, 138]
[23, 143, 240, 22, 216, 79, 50, 150, 208, 8, 120, 255, 1, 109, 132, 243, 41, 109, 0, 138]
[23, 143, 240, 22, 216, 79, 34, 150, 216, 136, 120, 255, 1, 109, 132, 241, 41, 109, 0, 138]
[23, 143, 240, 22, 216, 79, 18, 150, 208, 8, 120, 255, 1, 109, 132, 241, 41, 108, 0, 138]
[23, 143, 240, 22, 200, 79, 2, 150, 192, 8, 120, 255, 1, 108, 132, 240, 41, 108, 0, 10]
[23, 143, 240, 22, 200, 78, 242, 150, 192, 8, 120, 255, 1, 108, 132, 239, 41, 108, 0, 10]
[23, 143, 240, 22, 200, 78, 242, 150, 200, 136, 120, 255, 1, 108, 132, 239, 41, 108, 136, 138]
[23, 144, 0, 22, 152, 78, 82, 150, 176, 8, 121, 0, 1, 105, 132, 229, 41, 107, 0, 138]
[23, 144, 0, 22, 152, 78, 82, 150, 176, 8, 121, 0, 1, 105, 132, 228, 41, 107, 0, 138]
[23, 144, 0, 22, 136, 78, 66, 150, 176, 8, 121, 0, 1, 104, 132, 228, 41, 107, 0, 138]
[23, 144, 0, 22, 136, 78, 66, 150, 184, 128, 121, 0, 1, 104, 132, 228, 41, 107, 0, 138]
[23, 144, 0, 22, 136, 78, 66, 150, 176, 8, 121, 0, 1, 104, 132, 227, 41, 106, 136, 138]
[23, 144, 0, 22, 136, 78, 50, 150, 160, 8, 121, 0, 1, 104, 132, 228, 41, 106, 8, 138]
[23, 144, 0, 22, 136, 78, 66, 150, 160, 136, 121, 2, 1, 102, 132, 218, 41, 103, 136, 138]
[23, 144, 32, 22, 104, 77, 146, 150, 112, 8, 121, 2, 1, 102, 132, 218, 41, 103, 0, 138]
[23, 144, 32, 22, 104, 77, 146, 150, 112, 0, 121, 2, 1, 102, 132, 217, 41, 103, 128, 138]
[23, 144, 32, 22, 104, 77, 146, 150, 112, 8, 121, 2, 1, 102, 132, 217, 41, 103, 0, 138]
[23, 144, 48, 22, 56, 77, 98, 150, 80, 8, 121, 3, 1, 99, 132, 214, 41, 101, 0, 10]
[23, 144, 32, 22, 56, 77, 98, 150, 96, 0, 121, 3, 1, 99, 132, 214, 41, 101, 0, 138]
[23, 144, 48, 22, 56, 77, 82, 150, 80, 8, 121, 3, 1, 100, 132, 213, 41, 101, 0, 138]
[23, 144, 48, 22, 56, 77, 82, 150, 80, 8, 121, 3, 1, 99, 132, 213, 41, 101, 0, 138]
[23, 144, 48, 22, 72, 77, 82, 150, 80, 8, 121, 3, 1, 99, 132, 212, 41, 101, 0, 138]
[23, 144, 48, 22, 56, 77, 66, 150, 80, 8, 121, 3, 1, 99, 132, 212, 41, 101, 0, 138]
[23, 144, 48, 22, 56, 77, 66, 150, 80, 8, 121, 4, 1, 98, 132, 208, 41, 99, 136, 138]
[23, 144, 64, 22, 40, 77, 2, 150, 48, 8, 121, 4, 1, 97, 132, 208, 41, 98, 0, 138]
[23, 144, 64, 22, 40, 77, 2, 150, 32, 8, 121, 4, 1, 98, 132, 207, 41, 98, 0, 138]
[23, 144, 64, 22, 24, 76, 242, 150, 32, 0, 121, 4, 1, 97, 132, 207, 41, 98, 0, 10]
[23, 144, 80, 22, 40, 76, 210, 150, 0, 8, 121, 5, 1, 98, 132, 205, 41, 96, 0, 138]
[23, 144, 80, 22, 40, 76, 210, 150, 0, 8, 121, 5, 1, 98, 132, 205, 41, 96, 0, 138]
[23, 144, 80, 22, 40, 76, 210, 150, 0, 8, 121, 5, 1, 98, 132, 205, 41, 96, 0, 138]
[23, 144, 80, 22, 40, 76, 210, 150, 8, 136, 121, 5, 1, 98, 132, 205, 41, 96, 0, 138]
[23, 144, 80, 22, 40, 76, 194, 150, 0, 8, 121, 5, 1, 98, 132, 204, 41, 96, 0, 138]
[23, 144, 80, 22, 40, 76, 194, 150, 0, 8, 121, 5, 1, 99, 132, 204, 41, 96, 0, 138]
[23, 144, 80, 22, 40, 76, 194, 150, 0, 8, 121, 5, 1, 98, 132, 204, 41, 96, 0, 138]
[23, 144, 96, 22, 72, 76, 162, 149, 224, 8, 121, 6, 1, 100, 132, 201, 41, 93, 0, 138]
[23, 144, 96, 22, 72, 76, 146, 149, 208, 8, 121, 6, 1, 100, 132, 202, 41, 93, 8, 138]
[23, 144, 96, 22, 72, 76, 162, 149, 208, 8, 121, 6, 1, 100, 132, 202, 41, 93, 0, 138]
[23, 144, 96, 22, 72, 76, 162, 149, 208, 8, 121, 7, 1, 98, 132, 201, 41, 91, 0, 138]
[23, 144, 112, 22, 40, 76, 130, 149, 184, 128, 121, 7, 1, 98, 132, 200, 41, 91, 0, 138]
[23, 144, 112, 22, 40, 76, 130, 149, 176, 8, 121, 7, 1, 98, 132, 200, 41, 91, 0, 138]
[23, 144, 112, 22, 40, 76, 130, 149, 176, 8, 121, 7, 1, 98, 132, 200, 41, 91, 0, 138]
[23, 144, 112, 22, 40, 76, 146, 149, 176, 8, 121, 7, 1, 98, 132, 201, 41, 91, 0, 138]
[23, 144, 112, 22, 40, 76, 130, 149, 176, 8, 121, 7, 1, 98, 132, 200, 41, 91, 0, 138]
[23, 144, 112, 22, 40, 76, 130, 149, 168, 136, 121, 7, 1, 98, 132, 200, 41, 90, 136, 138]
[23, 144, 128, 22, 24, 76, 130, 149, 128, 8, 121, 8, 1, 97, 132, 200, 41, 88, 0, 138]
[23, 144, 128, 22, 24, 76, 130, 149, 128, 8, 121, 8, 1, 97, 132, 200, 41, 88, 0, 138]
[23, 144, 128, 22, 24, 76, 130, 149, 136, 136, 121, 8, 1, 97, 132, 200, 41, 88, 0, 10]
[23, 144, 128, 22, 24, 76, 130, 149, 128, 0, 121, 8, 1, 97, 132, 199, 41, 87, 0, 138]
[23, 144, 128, 22, 24, 76, 114, 149, 112, 0, 121, 8, 1, 97, 132, 199, 41, 87, 0, 138]
[23, 144, 128, 22, 24, 76, 98, 149, 112, 8, 121, 8, 1, 97, 132, 198, 41, 87, 0, 138]
[23, 144, 128, 22, 24, 76, 98, 149, 112, 8, 121, 8, 1, 97, 132, 198, 41, 87, 0, 138]
[23, 144, 128, 22, 40, 76, 98, 149, 112, 8, 121, 8, 1, 98, 132, 198, 41, 87, 136, 138]
[23, 144, 128, 22, 24, 76, 98, 149, 112, 136, 121, 8, 1, 98, 132, 198, 41, 87, 0, 10]
[23, 144, 128, 22, 40, 76, 98, 149, 112, 128, 121, 8, 1, 98, 132, 198, 41, 87, 0, 138]
[23, 144, 128, 22, 40, 76, 98, 149, 112, 8, 121, 8, 1, 96, 132, 195, 41, 87, 0, 10]
[23, 144, 128, 22, 8, 76, 66, 149, 120, 128, 121, 8, 1, 96, 132, 195, 41, 87, 0, 10]
[23, 144, 128, 22, 8, 76, 50, 149, 120, 128, 121, 8, 1, 96, 132, 195, 41, 87, 0, 10]
[23, 144, 128, 22, 8, 76, 50, 149, 112, 8, 121, 8, 1, 96, 132, 195, 41, 87, 0, 138]
[23, 144, 128, 21, 200, 76, 50, 149, 136, 136, 121, 8, 1, 92, 132, 195, 41, 88, 136, 138]
[23, 144, 128, 21, 200, 76, 50, 149, 112, 8, 121, 8, 1, 92, 132, 195, 41, 88, 136, 10]
[23, 144, 128, 21, 200, 76, 50, 149, 128, 0, 121, 8, 1, 92, 132, 195, 41, 88, 0, 10]
[23, 144, 128, 21, 200, 76, 50, 149, 136, 128, 121, 8, 1, 92, 132, 195, 41, 88, 128, 138]
[23, 144, 128, 21, 200, 76, 50, 149, 128, 8, 121, 8, 1, 92, 132, 196, 41, 88, 136, 10]
[23, 144, 128, 21, 200, 76, 66, 149, 128, 0, 121, 8, 1, 92, 132, 196, 41, 88, 0, 10]
[23, 144, 128, 21, 200, 76, 66, 149, 128, 0, 121, 8, 1, 89, 132, 197, 41, 89, 0, 138]
[23, 144, 128, 21, 152, 76, 82, 149, 144, 0, 121, 8, 1, 90, 132, 197, 41, 89, 0, 10]
[23, 144, 128, 21, 152, 76, 82, 149, 152, 136, 121, 8, 1, 89, 132, 197, 41, 89, 0, 138]
[23, 144, 128, 21, 152, 76, 82, 149, 152, 128, 121, 8, 1, 89, 132, 197, 41, 89, 136, 10]
[23, 144, 128, 21, 120, 76, 82, 149, 152, 0, 121, 8, 1, 87, 132, 197, 41, 89, 136, 10]
[23, 144, 128, 21, 104, 76, 82, 149, 152, 136, 121, 8, 1, 86, 132, 197, 41, 89, 0, 138]
[23, 144, 128, 21, 104, 76, 82, 149, 152, 136, 121, 8, 1, 86, 132, 197, 41, 89, 128, 138]
[23, 144, 128, 21, 104, 76, 82, 149, 152, 128, 121, 8, 1, 85, 132, 196, 41, 88, 0, 138]
[23, 144, 128, 21, 88, 76, 66, 149, 144, 0, 121, 8, 1, 85, 132, 196, 41, 88, 0, 138]
[23, 144, 128, 21, 88, 76, 66, 149, 144, 0, 121, 8, 1, 85, 132, 196, 41, 89, 128, 138]
[23, 144, 128, 21, 88, 76, 66, 149, 152, 8, 121, 8, 1, 82, 132, 197, 41, 89, 136, 10]
[23, 144, 128, 21, 40, 76, 82, 149, 152, 136, 121, 8, 1, 82, 132, 197, 41, 89, 0, 10]
[23, 144, 128, 21, 40, 76, 82, 149, 144, 0, 121, 8, 1, 83, 132, 198, 41, 89, 0, 138]
[23, 144, 128, 21, 56, 76, 82, 149, 144, 0, 121, 8, 1, 83, 132, 197, 41, 89, 0, 10]
[23, 144, 112, 21, 24, 76, 82, 149, 168, 128, 121, 7, 1, 81, 132, 197, 41, 90, 0, 138]
[23, 144, 128, 21, 24, 76, 66, 149, 144, 8, 121, 7, 1, 81, 132, 197, 41, 90, 0, 10]
[23, 144, 112, 21, 24, 76, 82, 149, 168, 128, 121, 7, 1, 81, 132, 197, 41, 90, 128, 138]
[23, 144, 112, 21, 24, 76, 82, 149, 160, 0, 121, 7, 1, 80, 132, 197, 41, 90, 136, 138]
[23, 144, 112, 21, 8, 76, 82, 149, 168, 8, 121, 7, 1, 80, 132, 197, 41, 90, 0, 10]
[23, 144, 112, 21, 24, 76, 82, 149, 160, 8, 121, 7, 1, 81, 132, 197, 41, 90, 0, 10]
[23, 144, 112, 21, 24, 76, 82, 149, 160, 0, 121, 7, 1, 80, 132, 197, 41, 90, 136, 10]
[23, 144, 112, 20, 248, 76, 82, 149, 160, 0, 121, 7, 1, 80, 132, 197, 41, 90, 0, 138]
[23, 144, 112, 21, 8, 76, 82, 149, 168, 128, 121, 7, 1, 80, 132, 196, 41, 90, 0, 10]
[23, 144, 112, 20, 248, 76, 82, 149, 160, 0, 121, 7, 1, 79, 132, 197, 41, 90, 0, 10]
[23, 144, 112, 20, 248, 76, 82, 149, 160, 8, 121, 7, 1, 79, 132, 197, 41, 90, 128, 10]
[23, 144, 112, 20, 248, 76, 82, 149, 168, 0, 121, 7, 1, 79, 132, 197, 41, 90, 0, 138]
[23, 144, 112, 20, 232, 76, 82, 149, 160, 0, 121, 7, 1, 78, 132, 197, 41, 90, 128, 138]
[23, 144, 112, 20, 232, 76, 82, 149, 168, 0, 121, 7, 1, 78, 132, 197, 41, 90, 0, 138]
[23, 144, 112, 20, 232, 76, 82, 149, 160, 0, 121, 7, 1, 78, 132, 197, 41, 90, 0, 10]
[23, 144, 112, 20, 232, 76, 66, 149, 160, 8, 121, 7, 1, 78, 132, 196, 41, 90, 0, 10]
[23, 144, 112, 20, 232, 76, 66, 149, 160, 0, 121, 7, 1, 77, 132, 197, 41, 91, 0, 10]
[23, 144, 112, 20, 216, 76, 82, 149, 184, 128, 121, 7, 1, 78, 132, 197, 41, 91, 0, 138]
[23, 144, 112, 20, 216, 76, 82, 149, 176, 8, 121, 7, 1, 78, 132, 197, 41, 91, 0, 10]
[23, 144, 112, 20, 232, 76, 82, 149, 176, 0, 121, 7, 1, 78, 132, 197, 41, 91, 0, 10]
[23, 144, 112, 20, 232, 76, 66, 149, 184, 136, 121, 7, 1, 78, 132, 197, 41, 91, 0, 138]
[23, 144, 112, 20, 232, 76, 82, 149, 176, 8, 121, 7, 1, 77, 132, 197, 41, 91, 136, 10]
[23, 144, 112, 20, 232, 76, 82, 149, 176, 8, 121, 7, 1, 77, 132, 197, 41, 91, 128, 10]
[23, 144, 112, 20, 216, 76, 82, 149, 184, 128, 121, 7, 1, 78, 132, 197, 41, 91, 0, 10]
[23, 144, 112, 20, 232, 76, 82, 149, 176, 0, 121, 7, 1, 78, 132, 197, 41, 91, 0, 138]
[23, 144, 112, 20, 232, 76, 82, 149, 176, 8, 121, 7, 1, 78, 132, 197, 41, 91, 136, 10]
[23, 144, 112, 20, 232, 76, 82, 149, 184, 128, 121, 7, 1, 78, 132, 196, 41, 91, 0, 10]
[23, 144, 112, 20, 232, 76, 66, 149, 184, 136, 121, 7, 1, 78, 132, 196, 41, 91, 0, 10]
[23, 144, 112, 20, 232, 76, 82, 149, 184, 136, 121, 7, 1, 78, 132, 197, 41, 91, 0, 10]
[23, 144, 112, 20, 232, 76, 82, 149, 200, 128, 121, 7, 1, 78, 132, 197, 41, 92, 136, 10]
[23, 144, 112, 20, 248, 76, 114, 149, 192, 0, 121, 7, 1, 79, 132, 199, 41, 92, 0, 138]
[23, 144, 112, 20, 248, 76, 114, 149, 192, 0, 121, 7, 1, 79, 132, 198, 41, 92, 0, 10]
[23, 144, 112, 20, 248, 76, 98, 149, 200, 128, 121, 7, 1, 78, 132, 198, 41, 92, 128, 138]
[23, 144, 112, 20, 232, 76, 114, 149, 192, 8, 121, 6, 1, 78, 132, 199, 41, 92, 136, 10]
[23, 144, 112, 20, 232, 76, 114, 149, 200, 0, 121, 6, 1, 78, 132, 199, 41, 92, 136, 10]
[23, 144, 112, 20, 232, 76, 114, 149, 200, 136, 121, 7, 1, 78, 132, 199, 41, 92, 128, 10]
[23, 144, 112, 20, 232, 76, 114, 149, 200, 0, 121, 7, 1, 78, 132, 199, 41, 92, 128, 10]
[23, 144, 96, 20, 200, 76, 114, 149, 224, 8, 121, 6, 1, 76, 132, 199, 41, 94, 136, 138]
[23, 144, 96, 20, 200, 76, 98, 149, 224, 8, 121, 6, 1, 76, 132, 198, 41, 93, 0, 138]
[23, 144, 96, 20, 200, 76, 98, 149, 224, 0, 121, 6, 1, 76, 132, 198, 41, 94, 0, 138]
[23, 144, 96, 20, 200, 76, 98, 149, 224, 8, 121, 6, 1, 75, 132, 197, 41, 93, 0, 138]
[23, 144, 96, 20, 200, 76, 82, 149, 208, 8, 121, 6, 1, 76, 132, 197, 41, 93, 136, 10]
[23, 144, 96, 20, 200, 76, 82, 149, 208, 0, 121, 6, 1, 76, 132, 197, 41, 93, 128, 138]
[23, 144, 96, 20, 200, 76, 82, 149, 208, 8, 121, 6, 1, 76, 132, 197, 41, 93, 0, 138]
[23, 144, 96, 20, 200, 76, 82, 149, 208, 0, 121, 6, 1, 77, 132, 197, 41, 93, 136, 138]
[23, 144, 96, 20, 200, 76, 82, 149, 216, 136, 121, 6, 1, 76, 132, 197, 41, 93, 0, 138]
[23, 144, 96, 20, 200, 76, 82, 149, 208, 0, 121, 6, 1, 76, 132, 197, 41, 93, 0, 10]
[23, 144, 96, 20, 216, 76, 114, 149, 216, 128, 121, 6, 1, 77, 132, 199, 41, 93, 136, 138]
[23, 144, 96, 20, 216, 76, 114, 149, 208, 0, 121, 6, 1, 77, 132, 199, 41, 93, 0, 10]
[23, 144, 96, 20, 216, 76, 114, 149, 208, 8, 121, 6, 1, 77, 132, 199, 41, 93, 0, 138]