[23, 205, 224, 140, 121, 127, 96, 188, 184, 9, 125, 196, 6, 209, 149, 111, 7, 183, 128, 154]
[23, 231, 80, 71, 105, 47, 128, 53, 105, 9, 126, 225, 1, 153, 144, 182, 129, 100, 144, 154]
[23, 239, 152, 25, 248, 234, 136, 105, 89, 9, 126, 249, 129, 159, 142, 168, 134, 149, 144, 154]
[21, 71, 235, 7, 249, 103, 12, 254, 217, 137, 82, 3, 177, 165, 149, 131, 210, 8, 128, 138]
[21, 36, 219, 16, 217, 58, 29, 41, 24, 0, 82, 67, 176, 137, 146, 106, 211, 49, 128, 138]
[21, 29, 202, 251, 41, 34, 237, 65, 224, 8, 82, 17, 173, 214, 146, 206, 212, 207, 0, 138]
[21, 42, 202, 180, 185, 53, 93, 87, 0, 8, 83, 59, 168, 60, 147, 200, 214, 72, 0, 138]
[21, 58, 58, 72, 9, 60, 61, 120, 176, 8, 83, 222, 159, 227, 146, 239, 217, 75, 1, 138]
[21, 59, 233, 165, 9, 23, 173, 184, 0, 24, 83, 8, 147, 240, 143, 172, 222, 12, 1, 138]
[20, 249, 72, 93, 72, 192, 30, 53, 176, 25, 79, 148, 133, 212, 140, 1, 227, 91, 1, 154]
[28, 131, 133, 173, 122, 154, 138, 37, 128, 1, 200, 120, 89, 1, 173, 181, 161, 115, 0, 26]
[28, 137, 85, 113, 107, 28, 58, 7, 80, 1, 200, 165, 85, 23, 181, 184, 159, 75, 0, 10]
[28, 137, 133, 49, 43, 153, 153, 222, 80, 0, 200, 98, 81, 15, 189, 118, 156, 52, 1, 10]
[28, 134, 37, 16, 251, 215, 105, 195, 64, 16, 175, 235, 40, 77, 238, 160, 14, 252, 8, 10]
[27, 36, 66, 75, 46, 241, 128, 206, 176, 129, 181, 76, 31, 234, 239, 116, 10, 18, 8, 26]
[27, 143, 113, 164, 30, 245, 240, 106, 48, 145, 189, 10, 19, 200, 238, 181, 3, 13, 9, 42]
[28, 20, 176, 201, 14, 213, 232, 6, 0, 146, 197, 119, 4, 190, 235, 87, 131, 130, 9, 42]
[28, 149, 232, 54, 30, 138, 56, 100, 32, 146, 204, 234, 139, 159, 229, 71, 136, 152, 9, 42]
[28, 253, 25, 61, 254, 23, 216, 170, 80, 146, 209, 236, 156, 2, 221, 112, 140, 128, 9, 42]
[29, 52, 138, 63, 13, 146, 184, 228, 160, 146, 211, 241, 171, 168, 212, 174, 144, 26, 9, 42]
[29, 63, 26, 186, 141, 74, 233, 1, 160, 146, 156, 233, 237, 17, 3, 85, 60, 85, 9, 10]
[25, 172, 62, 183, 80, 84, 195, 255, 80, 144, 152, 109, 233, 145, 7, 75, 67, 188, 9, 138]
[25, 97, 142, 116, 64, 150, 36, 123, 96, 144, 147, 235, 228, 153, 11, 180, 75, 176, 9, 10]
[25, 31, 222, 25, 0, 229, 4, 249, 144, 144, 145, 253, 225, 144, 14, 80, 79, 153, 9, 10]
[17, 50, 91, 117, 113, 152, 70, 238, 160, 137, 24, 54, 184, 0, 22, 140, 110, 60, 136, 154]
[17, 226, 11, 136, 209, 49, 182, 210, 64, 138, 36, 180, 184, 219, 15, 87, 107, 141, 8, 170]
[18, 187, 91, 141, 176, 182, 214, 150, 96, 138, 50, 208, 184, 138, 7, 145, 102, 178, 8, 170]
[19, 154, 155, 127, 128, 61, 230, 56, 192, 138, 64, 20, 183, 57, 0, 92, 96, 15, 8, 170]
[20, 95, 155, 101, 168, 46, 117, 197, 48, 138, 75, 133, 181, 61, 134, 19, 88, 92, 8, 170]
[21, 13, 187, 58, 104, 148, 149, 67, 80, 138, 86, 2, 177, 89, 140, 173, 79, 239, 8, 170]
[21, 175, 42, 229, 9, 2, 196, 184, 128, 138, 90, 242, 174, 80, 144, 44, 75, 136, 8, 170]
[21, 135, 210, 7, 211, 157, 28, 7, 64, 26, 82, 181, 32, 140, 60, 224, 197, 28, 1, 170]
[20, 200, 130, 6, 179, 249, 12, 155, 112, 26, 69, 162, 32, 34, 66, 68, 206, 42, 1, 170]
[19, 218, 177, 251, 36, 82, 205, 38, 96, 26, 52, 221, 31, 5, 72, 48, 214, 27, 1, 170]
[19, 77, 209, 240, 84, 131, 13, 97, 176, 26, 151, 252, 11, 28, 95, 59, 209, 84, 128, 138]
[25, 153, 176, 176, 198, 13, 220, 238, 24, 8, 155, 166, 11, 12, 98, 230, 203, 153, 144, 138]
[25, 222, 208, 177, 134, 82, 220, 121, 169, 8, 160, 68, 11, 66, 103, 126, 195, 29, 144, 138]
[26, 42, 80, 186, 246, 154, 107, 229, 41, 8, 165, 27, 12, 112, 107, 145, 185, 69, 144, 138]
[26, 123, 192, 217, 54, 210, 139, 64, 9, 8, 170, 154, 15, 30, 110, 82, 174, 144, 145, 138]
[26, 217, 129, 14, 230, 240, 74, 146, 57, 24, 176, 30, 18, 168, 111, 112, 164, 15, 145, 138]
[27, 39, 241, 63, 54, 252, 185, 233, 185, 24, 178, 127, 19, 243, 111, 203, 158, 155, 145, 138]
[30, 213, 32, 232, 233, 158, 163, 185, 10, 32, 235, 251, 16, 82, 162, 243, 56, 225, 162, 10]
[30, 160, 225, 30, 186, 190, 3, 91, 250, 32, 231, 155, 19, 23, 180, 135, 50, 62, 146, 10]
[30, 74, 177, 55, 75, 206, 66, 231, 233, 32, 225, 54, 18, 156, 197, 16, 42, 157, 146, 26]
[29, 209, 113, 12, 28, 209, 146, 105, 249, 33, 216, 19, 14, 58, 213, 24, 34, 95, 146, 26]
[29, 31, 96, 181, 125, 206, 241, 223, 169, 49, 202, 199, 8, 91, 228, 82, 25, 160, 147, 26]
[28, 45, 32, 88, 14, 174, 65, 87, 185, 49, 186, 81, 2, 239, 240, 147, 17, 85, 147, 10]
[26, 122, 136, 23, 79, 151, 96, 118, 89, 48, 167, 168, 129, 116, 249, 118, 7, 101, 147, 10]
[18, 204, 202, 198, 153, 193, 78, 188, 107, 0, 41, 43, 176, 67, 146, 144, 237, 155, 176, 10]
[18, 89, 203, 67, 24, 134, 142, 229, 91, 128, 34, 136, 184, 33, 2, 174, 237, 177, 184, 10]
[17, 248, 123, 186, 160, 229, 94, 188, 251, 128, 28, 70, 190, 148, 26, 40, 232, 204, 184, 26]
[17, 138, 220, 12, 226, 93, 14, 75, 123, 128, 24, 173, 192, 206, 37, 208, 228, 183, 184, 10]
[25, 180, 24, 207, 37, 200, 101, 50, 42, 8, 156, 167, 142, 240, 87, 87, 87, 206, 144, 138]
[25, 213, 89, 2, 5, 71, 149, 162, 88, 8, 155, 207, 142, 149, 85, 95, 90, 11, 8, 10]
[25, 164, 24, 208, 181, 114, 149, 144, 112, 128, 153, 174, 140, 79, 88, 144, 87, 232, 8, 10]
[25, 165, 168, 193, 149, 150, 213, 109, 192, 0, 156, 79, 140, 2, 89, 207, 85, 219, 0, 10]
[25, 247, 120, 187, 165, 154, 245, 78, 192, 0, 163, 121, 138, 214, 89, 23, 84, 20, 128, 26]
[26, 125, 88, 146, 69, 128, 165, 54, 248, 1, 172, 31, 134, 201, 86, 156, 83, 0, 128, 26]
[27, 6, 24, 63, 85, 76, 117, 43, 56, 1, 176, 97, 131, 245, 84, 199, 82, 179, 128, 26]
[27, 254, 51, 113, 13, 205, 145, 151, 48, 0, 192, 72, 52, 166, 221, 252, 25, 99, 0, 10]
[28, 14, 211, 17, 189, 247, 161, 148, 160, 1, 193, 188, 44, 115, 225, 87, 24, 181, 0, 26]
[28, 38, 226, 110, 222, 55, 193, 121, 160, 1, 194, 191, 32, 228, 229, 198, 22, 20, 0, 26]
[28, 41, 17, 170, 62, 129, 17, 68, 160, 2, 193, 229, 20, 74, 234, 65, 18, 101, 0, 42]
[28, 9, 224, 221, 158, 197, 193, 8, 192, 2, 190, 164, 7, 54, 238, 101, 14, 207, 1, 42]
[27, 192, 192, 8, 63, 4, 112, 208, 176, 18, 185, 62, 134, 27, 241, 203, 10, 240, 1, 42]
[27, 103, 88, 202, 191, 45, 16, 136, 240, 18, 182, 117, 140, 171, 242, 209, 8, 143, 1, 42]
[19, 92, 175, 30, 73, 4, 120, 254, 128, 144, 54, 150, 242, 14, 144, 222, 138, 120, 9, 10]
[19, 117, 127, 32, 233, 17, 216, 68, 128, 144, 56, 18, 241, 193, 145, 14, 2, 175, 10, 26]
[19, 141, 191, 15, 233, 10, 48, 164, 144, 161, 57, 163, 239, 176, 143, 225, 18, 71, 10, 26]
[19, 164, 206, 221, 56, 237, 129, 167, 240, 161, 58, 76, 237, 211, 142, 216, 26, 127, 10, 26]
[16, 87, 192, 130, 244, 15, 182, 221, 65, 129, 2, 177, 11, 77, 66, 157, 108, 172, 8, 10]
[16, 35, 48, 227, 84, 52, 134, 190, 224, 128, 2, 67, 16, 46, 67, 209, 107, 80, 8, 10]
[16, 36, 209, 22, 20, 73, 38, 170, 80, 128, 2, 97, 18, 87, 69, 73, 106, 5, 8, 10]
[16, 42, 113, 52, 148, 95, 86, 150, 112, 128, 3, 12, 20, 79, 70, 138, 104, 207, 8, 10]
[16, 57, 177, 83, 132, 106, 134, 136, 128, 136, 4, 127, 21, 251, 70, 83, 104, 144, 136, 138]
[16, 91, 209, 105, 180, 90, 86, 141, 56, 136, 7, 96, 23, 4, 68, 189, 105, 59, 136, 138]
[16, 148, 145, 115, 228, 58, 182, 155, 136, 136, 9, 73, 23, 62, 67, 171, 105, 184, 136, 138]
[17, 215, 99, 138, 252, 216, 148, 244, 224, 137, 30, 51, 59, 203, 202, 195, 79, 104, 8, 154]
[17, 239, 99, 243, 140, 120, 84, 247, 32, 137, 31, 192, 66, 204, 195, 240, 79, 89, 8, 154]
[18, 6, 132, 100, 60, 4, 228, 242, 0, 137, 32, 179, 73, 100, 188, 246, 78, 207, 8, 154]
[18, 11, 148, 195, 187, 160, 84, 229, 32, 137, 32, 214, 78, 229, 183, 83, 77, 149, 8, 154]
[18, 18, 117, 24, 75, 75, 180, 200, 144, 137, 33, 168, 84, 25, 178, 37, 75, 63, 8, 154]
[18, 36, 245, 105, 138, 248, 148, 156, 224, 137, 34, 251, 88, 250, 172, 228, 72, 75, 8, 154]
[18, 47, 181, 143, 170, 206, 68, 132, 176, 137, 53, 64, 69, 220, 57, 162, 201, 27, 8, 138]
[19, 79, 116, 93, 51, 137, 172, 162, 80, 128, 52, 240, 70, 33, 54, 178, 203, 77, 8, 10]
[19, 80, 132, 108, 35, 65, 28, 200, 0, 128, 53, 1, 71, 167, 49, 63, 205, 140, 8, 10]
[19, 71, 228, 142, 146, 238, 172, 226, 160, 0, 52, 126, 72, 233, 46, 234, 206, 42, 0, 10]
[24, 95, 182, 169, 194, 143, 91, 151, 160, 25, 137, 24, 106, 252, 43, 26, 182, 189, 1, 154]
[24, 190, 118, 176, 82, 216, 59, 65, 208, 9, 142, 115, 106, 198, 48, 45, 177, 132, 0, 154]
[25, 11, 150, 165, 131, 48, 218, 236, 88, 9, 146, 194, 105, 190, 54, 22, 171, 219, 128, 154]
[25, 73, 118, 143, 131, 148, 58, 140, 8, 9, 150, 87, 104, 15, 60, 133, 165, 82, 128, 154]
[25, 130, 22, 112, 131, 252, 74, 23, 40, 25, 154, 36, 101, 219, 66, 247, 156, 252, 129, 154]
[25, 198, 230, 72, 228, 94, 73, 128, 168, 25, 158, 208, 99, 5, 72, 146, 147, 4, 129, 154]
[25, 237, 6, 48, 84, 137, 41, 48, 72, 25, 204, 79, 11, 139, 59, 150, 210, 235, 16, 138]
[28, 217, 64, 147, 115, 146, 221, 59, 145, 8, 206, 204, 6, 255, 54, 189, 212, 109, 16, 138]
[28, 255, 208, 78, 67, 67, 157, 80, 193, 8, 209, 53, 2, 201, 49, 127, 213, 158, 16, 138]
[29, 40, 128, 7, 194, 230, 125, 98, 1, 8, 212, 6, 130, 41, 42, 207, 214, 132, 16, 138]
[29, 91, 40, 84, 34, 105, 77, 107, 193, 8, 215, 125, 136, 203, 33, 158, 214, 185, 16, 138]
[29, 149, 8, 203, 49, 189, 29, 102, 226, 8, 219, 10, 144, 210, 21, 34, 213, 209, 32, 154]
[29, 199, 201, 80, 208, 220, 125, 77, 66, 9, 220, 124, 149, 13, 13, 199, 212, 212, 32, 154]
[28, 27, 205, 136, 168, 5, 92, 15, 160, 145, 189, 61, 219, 224, 3, 45, 192, 169, 25, 26]
[27, 133, 93, 241, 192, 103, 236, 3, 33, 145, 179, 76, 226, 34, 9, 173, 191, 118, 25, 26]
[26, 228, 238, 78, 128, 202, 251, 230, 129, 145, 169, 98, 231, 95, 15, 169, 189, 37, 9, 26]
[26, 74, 174, 150, 225, 45, 107, 187, 176, 145, 160, 9, 235, 43, 22, 104, 186, 10, 9, 26]
[25, 182, 110, 201, 1, 166, 123, 129, 208, 145, 151, 95, 237, 89, 30, 189, 182, 43, 9, 26]
[25, 59, 254, 215, 50, 55, 43, 72, 16, 129, 143, 160, 237, 17, 40, 55, 179, 61, 8, 26]
[24, 178, 158, 198, 98, 205, 171, 31, 80, 129, 139, 41, 236, 102, 44, 218, 177, 245, 8, 26]
[24, 31, 190, 27, 114, 174, 84, 106, 72, 128, 132, 11, 223, 114, 43, 102, 73, 77, 136, 10]
[24, 100, 61, 212, 98, 192, 196, 184, 88, 128, 136, 125, 219, 53, 44, 190, 77, 100, 136, 10]
[24, 166, 61, 149, 66, 218, 244, 236, 168, 128, 139, 245, 215, 171, 47, 31, 79, 149, 136, 10]
[24, 209, 77, 100, 67, 19, 100, 250, 176, 128, 141, 119, 213, 57, 52, 6, 78, 241, 8, 10]
[24, 205, 237, 73, 195, 115, 68, 216, 112, 128, 140, 192, 211, 75, 57, 150, 77, 60, 8, 10]
[24, 207, 109, 35, 147, 171, 68, 216, 32, 128, 140, 229, 209, 156, 58, 227, 78, 7, 136, 138]
[24, 203, 108, 253, 51, 150, 85, 15, 104, 136, 140, 182, 207, 211, 57, 101, 80, 246, 136, 138]
[20, 62, 130, 88, 217, 45, 22, 64, 152, 128, 66, 251, 38, 133, 148, 241, 99, 222, 136, 10]
[20, 28, 178, 113, 233, 108, 246, 64, 72, 128, 64, 74, 39, 134, 152, 170, 100, 100, 136, 10]
[19, 231, 18, 124, 169, 170, 118, 79, 40, 128, 60, 86, 39, 226, 156, 140, 101, 171, 136, 10]
[19, 197, 98, 126, 41, 200, 198, 90, 184, 128, 2, 44, 100, 24, 170, 33, 67, 181, 140, 138]
[24, 18, 54, 171, 58, 160, 227, 141, 8, 200, 131, 192, 112, 76, 168, 102, 46, 26, 139, 138]
[24, 93, 199, 78, 154, 68, 146, 78, 208, 185, 136, 90, 120, 186, 159, 5, 27, 218, 11, 154]
[24, 183, 183, 183, 201, 160, 17, 32, 224, 185, 142, 117, 125, 18, 149, 39, 9, 30, 10, 154]
[25, 13, 7, 219, 153, 16, 80, 31, 240, 168, 146, 212, 125, 196, 142, 22, 131, 134, 9, 138]
[25, 73, 119, 215, 56, 201, 248, 125, 144, 152, 150, 38, 124, 236, 140, 131, 139, 96, 9, 10]
[25, 119, 71, 197, 24, 216, 248, 223, 0, 128, 151, 116, 124, 81, 141, 143, 141, 240, 8, 10]
[30, 13, 136, 242, 59, 227, 43, 94, 130, 129, 221, 153, 151, 159, 192, 129, 181, 225, 40, 26]
[29, 156, 249, 254, 252, 40, 171, 89, 18, 129, 213, 137, 168, 21, 196, 57, 180, 246, 40, 26]
[29, 12, 203, 0, 92, 88, 171, 65, 66, 129, 203, 137, 183, 182, 198, 111, 179, 28, 40, 26]
[28, 184, 155, 123, 108, 102, 251, 49, 194, 129, 10, 37, 198, 118, 232, 87, 148, 175, 16, 138]
[16, 234, 220, 80, 14, 149, 89, 26, 49, 8, 19, 196, 195, 141, 233, 239, 142, 96, 16, 138]
[17, 150, 188, 33, 30, 161, 136, 171, 178, 0, 30, 254, 191, 154, 234, 112, 134, 236, 16, 138]
[18, 57, 123, 185, 78, 183, 72, 70, 225, 8, 39, 238, 183, 65, 236, 77, 130, 71, 16, 154]
[18, 191, 219, 36, 30, 210, 248, 9, 49, 9, 47, 229, 172, 127, 238, 10, 0, 123, 16, 154]
[19, 39, 186, 112, 190, 239, 48, 9, 112, 9, 52, 40, 162, 44, 239, 199, 128, 121, 0, 154]
[19, 86, 41, 213, 175, 8, 184, 36, 192, 9, 53, 176, 152, 93, 241, 125, 133, 44, 128, 154]
[19, 91, 9, 133, 223, 23, 216, 82, 200, 9, 131, 92, 63, 231, 98, 244, 177, 245, 128, 138]
[24, 92, 51, 251, 246, 68, 138, 243, 120, 8, 136, 67, 63, 9, 101, 148, 172, 248, 128, 138]
[24, 165, 179, 209, 54, 110, 74, 196, 32, 8, 139, 70, 58, 58, 104, 23, 173, 15, 8, 138]
[24, 182, 3, 117, 118, 146, 234, 226, 0, 136, 138, 232, 52, 159, 106, 11, 175, 109, 8, 138]
[24, 170, 3, 31, 150, 168, 187, 19, 48, 136, 138, 208, 47, 51, 106, 238, 179, 7, 8, 138]
[24, 184, 50, 194, 134, 182, 43, 73, 208, 136, 140, 181, 40, 201, 107, 252, 181, 210, 8, 154]
[24, 229, 2, 81, 182, 202, 59, 108, 48, 137, 144, 63, 33, 55, 109, 35, 183, 183, 8, 154]
[25, 3, 242, 19, 118, 210, 59, 123, 112, 137, 214, 191, 203, 75, 41, 115, 166, 89, 136, 138]
[29, 108, 76, 183, 162, 163, 170, 81, 8, 136, 214, 216, 203, 128, 42, 235, 164, 7, 136, 138]
[29, 110, 92, 183, 146, 186, 186, 48, 216, 136, 214, 217, 203, 117, 44, 178, 161, 225, 136, 138]
[29, 105, 204, 185, 18, 227, 10, 3, 104, 136, 214, 16, 203, 241, 48, 54, 157, 188, 137, 138]
[29, 81, 140, 203, 227, 42, 9, 163, 248, 152, 211, 176, 206, 4, 53, 13, 149, 220, 137, 138]
[29, 29, 60, 250, 195, 116, 169, 12, 240, 152, 207, 125, 209, 128, 57, 111, 139, 19, 10, 138]
[28, 201, 29, 53, 195, 184, 232, 78, 144, 169, 197, 88, 214, 140, 63, 103, 8, 0, 10, 154]
[28, 85, 141, 104, 195, 246, 112, 128, 0, 169, 10, 235, 161, 3, 57, 112, 108, 248, 128, 10]
[16, 124, 122, 4, 211, 148, 166, 216, 120, 1, 4, 43, 159, 103, 57, 9, 110, 30, 128, 26]
[16, 4, 217, 232, 115, 136, 230, 235, 8, 1, 131, 174, 157, 186, 55, 225, 111, 48, 128, 26]
[24, 122, 217, 205, 35, 112, 214, 250, 56, 1, 135, 173, 156, 210, 55, 13, 111, 163, 128, 26]
[30, 93, 129, 74, 8, 116, 116, 165, 248, 18, 232, 234, 17, 153, 140, 75, 70, 26, 129, 26]
[30, 186, 80, 229, 185, 20, 164, 23, 240, 18, 238, 39, 11, 42, 150, 20, 60, 78, 129, 42]
[31, 3, 96, 130, 105, 173, 163, 108, 232, 18, 241, 85, 6, 60, 159, 254, 49, 192, 129, 26]
[31, 22, 176, 104, 10, 91, 34, 213, 105, 17, 240, 178, 7, 231, 170, 166, 42, 111, 145, 10]
[30, 252, 128, 153, 218, 206, 210, 162, 88, 8, 238, 250, 10, 254, 173, 90, 43, 118, 136, 138]
[30, 228, 208, 193, 202, 203, 130, 215, 208, 136, 237, 226, 13, 156, 171, 53, 47, 128, 136, 138]
[30, 222, 32, 217, 202, 179, 82, 248, 8, 136, 212, 28, 157, 122, 170, 24, 81, 167, 0, 138]
[29, 38, 170, 4, 234, 165, 85, 34, 240, 8, 208, 170, 163, 29, 170, 140, 82, 168, 0, 138]
[28, 237, 202, 94, 122, 171, 181, 49, 32, 8, 205, 0, 168, 169, 170, 227, 83, 110, 0, 138]
[28, 177, 122, 182, 90, 176, 53, 59, 160, 8, 203, 23, 171, 101, 171, 3, 83, 186, 0, 138]
[25, 173, 205, 187, 250, 140, 100, 171, 80, 26, 148, 95, 218, 102, 174, 135, 75, 8, 0, 170]
[24, 233, 189, 161, 235, 60, 244, 147, 192, 26, 138, 68, 218, 46, 182, 105, 72, 0, 0, 138]
[24, 115, 61, 185, 75, 70, 100, 129, 145, 0, 133, 243, 221, 156, 177, 48, 71, 222, 0, 10]
[24, 105, 45, 232, 186, 237, 36, 130, 176, 128, 136, 83, 222, 56, 173, 198, 73, 20, 136, 10]
[24, 168, 221, 211, 106, 213, 212, 165, 72, 128, 140, 199, 220, 8, 172, 252, 75, 171, 136, 10]
[24, 242, 45, 171, 58, 205, 36, 206, 232, 128, 145, 123, 217, 111, 173, 38, 77, 183, 136, 10]
[25, 59, 45, 138, 186, 216, 52, 221, 168, 128, 147, 178, 216, 171, 173, 131, 77, 218, 136, 10]
[25, 51, 137, 61, 29, 48, 5, 215, 16, 153, 145, 6, 141, 202, 210, 62, 95, 153, 9, 154]
[24, 236, 120, 123, 125, 20, 6, 23, 192, 153, 140, 126, 129, 159, 208, 7, 99, 24, 9, 154]
[24, 162, 208, 71, 188, 233, 54, 70, 192, 153, 135, 215, 10, 145, 204, 233, 101, 117, 9, 154]
[24, 125, 112, 169, 28, 206, 150, 87, 80, 153, 0, 215, 22, 55, 205, 250, 99, 9, 144, 138]
[16, 40, 193, 85, 221, 11, 182, 15, 121, 8, 4, 84, 20, 87, 211, 124, 94, 196, 144, 138]
[16, 96, 225, 50, 157, 101, 37, 197, 121, 8, 7, 188, 17, 246, 217, 74, 89, 153, 144, 138]
[16, 150, 17, 13, 45, 197, 117, 104, 73, 8, 10, 255, 15, 188, 223, 89, 83, 51, 144, 138]
[16, 201, 0, 235, 46, 34, 212, 253, 9, 8, 14, 31, 13, 203, 228, 174, 76, 134, 144, 138]
[16, 252, 80, 210, 238, 108, 148, 151, 57, 8, 17, 201, 12, 243, 232, 119, 70, 156, 144, 138]
[17, 68, 176, 208, 46, 155, 164, 63, 232, 8, 23, 23, 13, 89, 234, 163, 65, 146, 128, 138]
[17, 113, 112, 213, 158, 170, 52, 25, 40, 8, 74, 139, 31, 178, 190, 77, 77, 17, 0, 138]
[20, 182, 113, 245, 171, 221, 244, 203, 136, 8, 76, 101, 31, 53, 189, 242, 75, 186, 128, 138]
[20, 209, 193, 247, 187, 231, 164, 167, 40, 136, 77, 103, 32, 55, 191, 40, 73, 62, 136, 138]
[20, 213, 130, 16, 139, 251, 116, 135, 72, 136, 77, 88, 33, 8, 191, 183, 72, 116, 136, 138]
[21, 86, 49, 201, 90, 245, 180, 218, 168, 137, 87, 145, 29, 175, 176, 142, 74, 0, 136, 154]
[21, 151, 113, 238, 27, 31, 164, 99, 24, 137, 91, 3, 32, 26, 179, 185, 66, 72, 136, 154]
[21, 194, 242, 20, 43, 89, 131, 231, 248, 136, 92, 227, 34, 33, 183, 65, 59, 119, 136, 138]
[21, 211, 18, 32, 107, 134, 19, 159, 152, 136, 93, 57, 33, 116, 185, 126, 57, 40, 136, 138]
[21, 210, 34, 11, 91, 174, 211, 132, 104, 128, 93, 33, 31, 131, 188, 106, 55, 96, 136, 10]
[21, 211, 49, 223, 187, 220, 147, 105, 104, 128, 93, 39, 28, 87, 191, 24, 54, 10, 136, 10]
[21, 205, 145, 173, 124, 6, 163, 92, 120, 128, 92, 217, 26, 215, 192, 106, 53, 199, 136, 10]
[21, 44, 114, 86, 157, 60, 18, 22, 96, 128, 82, 194, 37, 104, 211, 198, 33, 106, 8, 10]
[21, 43, 226, 86, 109, 60, 146, 22, 208, 8, 82, 184, 37, 103, 211, 205, 33, 114, 0, 138]
[21, 42, 130, 87, 29, 60, 226, 24, 160, 128, 82, 140, 37, 153, 211, 189, 33, 205, 8, 10]
[21, 40, 194, 89, 157, 59, 210, 28, 208, 128, 81, 252, 38, 21, 211, 202, 34, 125, 136, 138]
[21, 31, 146, 97, 61, 60, 210, 39, 248, 136, 81, 246, 38, 18, 211, 208, 34, 129, 0, 138]
[21, 31, 34, 97, 29, 61, 66, 40, 56, 128, 81, 239, 38, 15, 211, 215, 34, 133, 8, 10]
[21, 30, 194, 96, 221, 61, 162, 40, 112, 8, 81, 232, 38, 12, 211, 221, 34, 137, 0, 138]
[21, 30, 82, 96, 173, 62, 2, 40, 168, 136, 81, 226, 38, 9, 211, 227, 34, 140, 136, 138]
[21, 29, 242, 96, 125, 62, 98, 40, 232, 136, 81, 220, 38, 6, 211, 233, 34, 143, 0, 138]
[21, 29, 162, 96, 93, 62, 194, 41, 24, 136, 81, 214, 38, 3, 211, 238, 34, 146, 136, 138]
[21, 29, 98, 96, 61, 62, 226, 41, 40, 136, 81, 126, 37, 213, 212, 68, 34, 198, 0, 138]